X(LU)   Y(LU)   Z(LU)   Vx(VU)   Vy(VU)   Vz(VU)   T(TU)  C
0.823383612055750 0.000000000000000 -0.010736529668989 0.000000000000000 0.128225068270513 0.000000000000000 2.743782705083718 3.173361681327940 
0.823381325690256 0.000000000000000 -0.019765882798233 0.000000000000000 0.132578270887817 0.000000000000000 2.745637287053443 3.171019033205319 
0.823409494946404 0.000000000000000 -0.027891245761596 0.000000000000000 0.138310088916215 0.000000000000000 2.748175735282466 3.167778163510829 
0.823485127240799 0.000000000000000 -0.035372290267273 0.000000000000000 0.144788024441965 0.000000000000000 2.751171640657386 3.163895418390645 
0.823618441378889 0.000000000000000 -0.042422641679898 0.000000000000000 0.151685484136625 0.000000000000000 2.754500433453672 3.159495614485842 
0.823816017926478 0.000000000000000 -0.049190991714795 0.000000000000000 0.158824988320672 0.000000000000000 2.758081858230214 3.154641249226277 
0.824082591665872 0.000000000000000 -0.055781032809654 0.000000000000000 0.166102271197908 0.000000000000000 2.761851796304997 3.149364720541908 
0.824422007833284 0.000000000000000 -0.062268198070207 0.000000000000000 0.173451475987631 0.000000000000000 2.765748007974145 3.143682514859118 
0.824837792146000 0.000000000000000 -0.068710511295359 0.000000000000000 0.180828379120403 0.000000000000000 2.769701154248461 3.137601638266410 
0.825333563502506 0.000000000000000 -0.075155434975505 0.000000000000000 0.188201698114019 0.000000000000000 2.773627125580796 3.131122591725484 
0.825913407206333 0.000000000000000 -0.081644266616815 0.000000000000000 0.195548137724230 0.000000000000000 2.777418440581562 3.124240755608450 
0.826582275056158 0.000000000000000 -0.088214917966546 0.000000000000000 0.202849041757838 0.000000000000000 2.780932845751758 3.116947181821237 
0.827346440355724 0.000000000000000 -0.094903253851802 0.000000000000000 0.210087267063909 0.000000000000000 2.783976945640832 3.109229706827685 
0.828213959405802 0.000000000000000 -0.101742322689612 0.000000000000000 0.217242817167730 0.000000000000000 2.786282170061372 3.101075936079646 
0.829194866534027 0.000000000000000 -0.108757243137927 0.000000000000000 0.224284911621362 0.000000000000000 2.787470871219059 3.092481509063155 
0.830300199498032 0.000000000000000 -0.115950441965914 0.000000000000000 0.231156503115378 0.000000000000000 2.787016552207876 3.083471077644473 
0.831537560915054 0.000000000000000 -0.123268012318375 0.000000000000000 0.237746702844526 0.000000000000000 2.784228482170377 3.074144697001216 
0.832899836591513 0.000000000000000 -0.130544597062705 0.000000000000000 0.243858081110198 0.000000000000000 2.778357091695539 3.064753342748768 
0.834350521165039 0.000000000000000 -0.137475961600204 0.000000000000000 0.249219519251976 0.000000000000000 2.768945863819709 3.055736995860793 
0.835828528142119 0.000000000000000 -0.143729915053649 0.000000000000000 0.253612395085990 0.000000000000000 2.756232780365985 3.047574373253785 
0.837281799454732 0.000000000000000 -0.149139493483764 0.000000000000000 0.257007347549968 0.000000000000000 2.741025314536275 3.040518348563679 
0.838688157039919 0.000000000000000 -0.153735531375506 0.000000000000000 0.259532314565344 0.000000000000000 2.724177686702109 3.034547867140758 
0.840047101486972 0.000000000000000 -0.157640852185234 0.000000000000000 0.261357927783265 0.000000000000000 2.706308985890500 3.029510397619648 
0.841366567300452 0.000000000000000 -0.160987432934148 0.000000000000000 0.262633456245491 0.000000000000000 2.687806934775051 3.025235840135089 
0.842655918075611 0.000000000000000 -0.163886857246705 0.000000000000000 0.263473253366282 0.000000000000000 2.668905451681644 3.021578474858736 
0.843923512282358 0.000000000000000 -0.166426600963352 0.000000000000000 0.263961575820154 0.000000000000000 2.649746922231691 3.018423307275454 
0.845176188570642 0.000000000000000 -0.168673870076200 0.000000000000000 0.264160323141844 0.000000000000000 2.630420304085352 3.015681645524092 
0.846419379442417 0.000000000000000 -0.170680370991207 0.000000000000000 0.264115468908344 0.000000000000000 2.610982916859538 3.013285083851770 
0.847657372742265 0.000000000000000 -0.172486285085064 0.000000000000000 0.263861692943753 0.000000000000000 2.591472848883636 3.011180377814111 
0.848893567017425 0.000000000000000 -0.174123249255631 0.000000000000000 0.263425583309103 0.000000000000000 2.571916155624537 3.009325562425685 
0.850130681918120 0.000000000000000 -0.175616518982197 0.000000000000000 0.262827835999700 0.000000000000000 2.552331150285851 3.007687119021033 
0.851370921654203 0.000000000000000 -0.176986528755355 0.000000000000000 0.262084777880353 0.000000000000000 2.532731036231421 3.006237924221001 
0.852616099341334 0.000000000000000 -0.178250023888928 0.000000000000000 0.261209435292665 0.000000000000000 2.513125568509470 3.004955758900315 
0.853867731160355 0.000000000000000 -0.179420890075028 0.000000000000000 0.260212295418531 0.000000000000000 2.493522131108371 3.003822213794948 
0.855127107913174 0.000000000000000 -0.180510769095581 0.000000000000000 0.259101857133211 0.000000000000000 2.473926453201310 3.002821876607665 
0.856395349845343 0.000000000000000 -0.181529521928226 0.000000000000000 0.257885035371087 0.000000000000000 2.454343096781341 3.001941720484738 
0.857673449117775 0.000000000000000 -0.182485581748315 0.000000000000000 0.256567461864847 0.000000000000000 2.434775796271262 3.001170638076703 
0.858962303156453 0.000000000000000 -0.183386226552419 0.000000000000000 0.255153711344587 0.000000000000000 2.415227700382846 3.000499082080801 
0.860262741256422 0.000000000000000 -0.184237792417606 0.000000000000000 0.253647473210637 0.000000000000000 2.395701548339139 2.999918784585191 
0.861575546198238 0.000000000000000 -0.185045842431443 0.000000000000000 0.252051682636818 0.000000000000000 2.376199801443580 2.999422535398542 
0.862901472191722 0.000000000000000 -0.185815302189709 0.000000000000000 0.250368620952099 0.000000000000000 2.356724744019954 2.999004005006689 
0.864241260144511 0.000000000000000 -0.186550569863181 0.000000000000000 0.248599992319057 0.000000000000000 2.337278563316554 2.998657601626104 
0.865595651028081 0.000000000000000 -0.187255606793961 0.000000000000000 0.246746981740389 0.000000000000000 2.317863415110784 2.998378354533310 
0.866965397955000 0.000000000000000 -0.187934013125556 0.000000000000000 0.244810298006459 0.000000000000000 2.298481479891371 2.998161817789028 
0.868351277472174 0.000000000000000 -0.188589091929555 0.000000000000000 0.242790204157898 0.000000000000000 2.279135013290775 2.998003989874065 
0.869754100503324 0.000000000000000 -0.189223904542980 0.000000000000000 0.240686537256357 0.000000000000000 2.259826393676764 2.997901245770037 
0.871174723332395 0.000000000000000 -0.189841319296039 0.000000000000000 0.238498718646664 0.000000000000000 2.240558169361096 2.997850278758013 
0.872614059003262 0.000000000000000 -0.190444055435162 0.000000000000000 0.236225755394003 0.000000000000000 2.221333107668536 2.997848049746051 
0.874073089518393 0.000000000000000 -0.191034723796765 0.000000000000000 0.233866233143245 0.000000000000000 2.202154248091805 2.997891742321247 
0.875552879249117 0.000000000000000 -0.191615865639114 0.000000000000000 0.231418300237913 0.000000000000000 2.183024961924042 2.997978721988192 
0.877054590026781 0.000000000000000 -0.192189990985385 0.000000000000000 0.228879642516177 0.000000000000000 2.163949021123875 2.998106498221810 
0.878579498470499 0.000000000000000 -0.192759617864843 0.000000000000000 0.226247447738911 0.000000000000000 2.144930679764144 2.998272688041978 
0.880129016232979 0.000000000000000 -0.193327313973216 0.000000000000000 0.223518358056210 0.000000000000000 2.125974772314992 2.998474979808747 
0.881704714022848 0.000000000000000 -0.193895742525953 0.000000000000000 0.220688408233368 0.000000000000000 2.107086834327648 2.998711095833271 
0.883308350508746 0.000000000000000 -0.194467714485379 0.000000000000000 0.217752946464612 0.000000000000000 2.088273252995911 2.998978752179388 
0.884941907555972 0.000000000000000 -0.195046249966140 0.000000000000000 0.214706533399597 0.000000000000000 2.069541457863277 2.999275613655013 
0.886607633731611 0.000000000000000 -0.195634652554590 0.000000000000000 0.211542813348275 0.000000000000000 2.050900166063757 2.999599241398263 
0.888308098703418 0.000000000000000 -0.196236601672778 0.000000000000000 0.208254349286305 0.000000000000000 2.032359702668733 2.999947029542390 
0.890046262148427 0.000000000000000 -0.196856270223750 0.000000000000000 0.204832409907830 0.000000000000000 2.013932426175015 3.000316126019727 
0.891825562228721 0.000000000000000 -0.197498477978097 0.000000000000000 0.201266692022692 0.000000000000000 1.995633303969994 3.000703330342299 
0.893650030819647 0.000000000000000 -0.198168896197281 0.000000000000000 0.197544954191339 0.000000000000000 1.977480706355010 3.001104957660991 
0.895524445857752 0.000000000000000 -0.198874327031766 0.000000000000000 0.193652526212531 0.000000000000000 1.959497526890081 3.001516652651499 
0.897454535985050 0.000000000000000 -0.199623094411294 0.000000000000000 0.189571641588127 0.000000000000000 1.941712803554395 3.001933127150267 
0.899447259975900 0.000000000000000 -0.200425605369606 0.000000000000000 0.185280512521234 0.000000000000000 1.924164132984791 3.002347778842814 
0.901511194451110 0.000000000000000 -0.201295179392331 0.000000000000000 0.180752023096175 0.000000000000000 1.906901386341210 3.002752118569896 
0.903657079318939 0.000000000000000 -0.202249312790662 0.000000000000000 0.175951846542102 0.000000000000000 1.889992650772148 3.003134878474392 
0.905898590298549 0.000000000000000 -0.203311673727827 0.000000000000000 0.170835685862616 0.000000000000000 1.873534159022398 3.003480565772056 
0.908253418822842 0.000000000000000 -0.204515367534234 0.000000000000000 0.165345197794499 0.000000000000000 1.857667756191599 3.003767009275689 
0.910744673407406 0.000000000000000 -0.205908472973976 0.000000000000000 0.159402100102171 0.000000000000000 1.842613469946046 3.003960989321640 
0.913402157283112 0.000000000000000 -0.207563632802549 0.000000000000000 0.152900670884562 0.000000000000000 1.828734156067357 3.004010084811380 
0.916260779413203 0.000000000000000 -0.209594039670830 0.000000000000000 0.145703955129608 0.000000000000000 1.816670634204302 3.003827151625482 
0.919342886698336 0.000000000000000 -0.212172128212938 0.000000000000000 0.137676251712349 0.000000000000000 1.807618108364567 3.003263832550982 
0.922575194949153 0.000000000000000 -0.215495323320829 0.000000000000000 0.128893119257193 0.000000000000000 1.803687309038848 3.002097891909718 
0.925609542530839 0.000000000000000 -0.219508496016443 0.000000000000000 0.120191809016490 0.000000000000000 1.807096808361607 3.000192631363310 
0.928013813810525 0.000000000000000 -0.223714017252904 0.000000000000000 0.112825718633199 0.000000000000000 1.817104569048023 2.997776997846717 
0.929764923622153 0.000000000000000 -0.227782358082372 0.000000000000000 0.107026827882473 0.000000000000000 1.830954202862753 2.995151095355123 
0.931028034047253 0.000000000000000 -0.231674309754927 0.000000000000000 0.102443736044503 0.000000000000000 1.846797863987679 2.992447320609860 
0.931940003879488 0.000000000000000 -0.235426013848343 0.000000000000000 0.098746481699154 0.000000000000000 1.863728075888252 2.989709531144832 
0.932591095587318 0.000000000000000 -0.239077060821108 0.000000000000000 0.095707766080127 0.000000000000000 1.881293360612388 2.986951075400474 
0.933040257620916 0.000000000000000 -0.242658966072032 0.000000000000000 0.093175292490697 0.000000000000000 1.899251680142686 2.984174821850040 
0.933327170628106 0.000000000000000 -0.246195558833935 0.000000000000000 0.091044566017897 0.000000000000000 1.917463104956141 2.981379857943392 
0.933479492001617 0.000000000000000 -0.249704921636470 0.000000000000000 0.089241534795718 0.000000000000000 1.935841268966751 2.978563869758467 