X(LU)   Y(LU)   Z(LU)   Vx(VU)   Vy(VU)   Vz(VU)   T(TU)  C
0.478876865951853 0.869678594191022 0.000000000000000 -0.001369132409596 0.001393234725283 -0.000000000000000 21.070048073728476 2.988000200045906 
0.469993746347769 0.869678594191022 -0.000000000000000 -0.006938293661562 0.004920427274269 -0.000000000000000 21.071921113074797 2.988023813275944 
0.461157530285039 0.869678594191022 0.000000000000000 -0.012461434978358 0.008276954712758 0.000000000000000 21.075781272319102 2.988073848120417 
0.452428953549611 0.869678594191022 0.000000000000000 -0.017900314399710 0.011421132586092 -0.000000000000000 21.081358622135163 2.988149717482071 
0.443878316600015 0.869678594191022 -0.000000000000000 -0.023206020144589 0.014314623590122 -0.000000000000000 21.088271037106814 2.988250535385470 
0.435583430707197 0.869678594191022 0.000000000000000 -0.028320328679587 0.016925741431120 -0.000000000000000 21.096056415296243 2.988375112756185 
0.427628291792494 0.869678594191022 -0.000000000000000 -0.033176703165581 0.019232254908184 -0.000000000000000 21.104207615583164 2.988521923491474 
0.420101608788841 0.869678594191022 0.000000000000000 -0.037701450124973 0.021224232508072 0.000000000000000 21.112207995006116 2.988689036764681 
0.413093718380781 0.869678594191022 0.000000000000000 -0.041816061147129 0.022907440854984 0.000000000000000 21.119567465821127 2.988874025300918 
0.406690048562873 0.869678594191022 -0.000000000000000 -0.045442171327766 0.024307449460549 -0.000000000000000 21.125859725072214 2.989073877830001 
0.400959475084680 0.869678594191022 -0.000000000000000 -0.048510614475672 0.025473830029680 -0.000000000000000 21.130760002340825 2.989284966045743 
0.395937323014484 0.869678594191022 -0.000000000000000 -0.050975178348672 0.026482701286506 0.000000000000000 21.134079296486359 2.989503135148680 
0.391606071011371 0.869678594191022 0.000000000000000 -0.052829173385315 0.027434839256964 0.000000000000000 21.135786904832941 2.989723981712440 
0.387881255180993 0.869678594191022 0.000000000000000 -0.054119144221576 0.028446886779792 0.000000000000000 21.136011561464649 2.989943321454998 
0.384611843608595 0.869678594191022 -0.000000000000000 -0.054947873222994 0.029636073423260 0.000000000000000 21.135017358990531 2.990157728757004 
0.381598927575100 0.869678594191022 0.000000000000000 -0.055462362910305 0.031103179309887 0.000000000000000 21.133163930511731 2.990364932920806 
0.378625956479206 0.869678594191022 0.000000000000000 -0.055831001739952 0.032920241751726 -0.000000000000000 21.130871493106859 2.990563909241187 
0.375487519846095 0.869678594191022 0.000000000000000 -0.056220045244546 0.035126426002525 -0.000000000000000 21.128609426114036 2.990754694034469 
0.372007302737124 0.869678594191022 -0.000000000000000 -0.056777613641749 0.037730596965673 -0.000000000000000 21.126914850344154 2.990938103489055 
0.368044044999008 0.869678594191022 -0.000000000000000 -0.057627143425937 0.040716629068083 0.000000000000000 21.126437583382700 2.991115532835413 
0.363489970555530 0.869678594191022 0.000000000000000 -0.058867544337776 0.044047843870593 0.000000000000000 21.128004971507689 2.991288914635158 
0.358268000347690 0.869678594191022 -0.000000000000000 -0.060575669229599 0.047668205991060 0.000000000000000 21.132697505670279 2.991460814342596 
0.352334685116386 0.869678594191022 0.000000000000000 -0.062806230745378 0.051498874551208 0.000000000000000 21.141909305955235 2.991634544921947 
0.345696311564066 0.869678594191022 -0.000000000000000 -0.065583628425810 0.055430413296428 -0.000000000000000 21.157317874303093 2.991814039164833 
0.338440462959295 0.869678594191022 -0.000000000000000 -0.068882090601848 0.059316877105951 -0.000000000000000 21.180613174806826 2.992003070790082 
0.330761069237785 0.869678594191022 -0.000000000000000 -0.072604283164629 0.062989138179096 0.000000000000000 21.212886872117465 2.992203700865547 
0.322925431754878 0.869678594191022 -0.000000000000000 -0.076590752428046 0.066301466630927 0.000000000000000 21.254010939014773 2.992415021896962 
0.315176764363953 0.869678594191022 0.000000000000000 -0.080674545795346 0.069182441434310 0.000000000000000 21.302689770063324 2.992633766047741 
0.307660497324808 0.869678594191022 -0.000000000000000 -0.084734295928094 0.071639879467151 0.000000000000000 21.357176893372092 2.992856184118299 
0.300427518398180 0.869678594191022 0.000000000000000 -0.088704665826296 0.073726066439549 0.000000000000000 21.415908762417626 2.993079295391910 
0.293473407997953 0.869678594191022 -0.000000000000000 -0.092559491144341 0.075504017883069 0.000000000000000 21.477717496694066 2.993301096648452 
0.286770948444768 0.869678594191022 0.000000000000000 -0.096293406238038 0.077030788592462 0.000000000000000 21.541792598808129 2.993520329976588 
0.280287366960359 0.869678594191022 0.000000000000000 -0.099910310639222 0.078352839188147 -0.000000000000000 21.607581880445135 2.993736219506629 
0.273991494270598 0.869678594191022 0.000000000000000 -0.103417511346590 0.079506506567996 -0.000000000000000 21.674706019672030 2.993948284368409 
0.267856036069644 0.869678594191022 0.000000000000000 -0.106823064630084 0.080519897745185 -0.000000000000000 21.742899142267415 2.994156222108103 
0.261857829995895 0.869678594191022 -0.000000000000000 -0.110134681247369 0.081414819160516 -0.000000000000000 21.811970254028502 2.994359838559014 
0.255977395859648 0.869678594191022 -0.000000000000000 -0.113359343677654 0.082208357217664 -0.000000000000000 21.881778621655517 2.994559005553190 
0.250198315596518 0.869678594191022 -0.000000000000000 -0.116503230347318 0.082914078367490 -0.000000000000000 21.952217969101799 2.994753634933758 
0.244506641482674 0.869678594191022 -0.000000000000000 -0.119571762060521 0.083542914534252 -0.000000000000000 22.023206173967939 2.994943662159739 
0.238890392548892 0.869678594191022 0.000000000000000 -0.122569688835880 0.084103811000166 -0.000000000000000 22.094678415801638 2.995129035649775 
0.233339146005049 0.869678594191022 0.000000000000000 -0.125501182414435 0.084604201270928 -0.000000000000000 22.166582522179962 2.995309709628842 
0.227843712537246 0.869678594191022 -0.000000000000000 -0.128369920878993 0.085050357524324 0.000000000000000 22.238875739383055 2.995485639154262 
0.222395880210642 0.869678594191022 0.000000000000000 -0.131179161150727 0.085447651766993 0.000000000000000 22.311522444298951 2.995656776518342 
0.216988212613434 0.869678594191022 -0.000000000000000 -0.133931799044972 0.085800752683372 0.000000000000000 22.384492489982819 2.995823068527595 
0.211613889230026 0.869678594191022 0.000000000000000 -0.136630418060770 0.086113775886961 0.000000000000000 22.457759985602852 2.995984454338672 
0.206266578520713 0.869678594191022 0.000000000000000 -0.139277328493273 0.086390400164171 0.000000000000000 22.531302379132644 2.996140863640327 
0.200940336350305 0.869678594191022 0.000000000000000 -0.141874598427789 0.086633958719109 -0.000000000000000 22.605099754212088 2.996292215038490 
0.195629524158924 0.869678594191022 -0.000000000000000 -0.144424077979407 0.086847511920533 0.000000000000000 22.679134280463312 2.996438414544202 
0.190328742634875 0.869678594191022 0.000000000000000 -0.146927417908160 0.087033906289484 -0.000000000000000 22.753389774882496 2.996579354091522 
0.185032777704530 0.869678594191022 0.000000000000000 -0.149386083516523 0.087195823218533 -0.000000000000000 22.827851344191892 2.996714910030134 
0.179736556461191 0.869678594191022 0.000000000000000 -0.151801364544374 0.087335820024094 0.000000000000000 22.902505086348917 2.996844941548903 
0.174435111278468 0.869678594191022 -0.000000000000000 -0.154174381617802 0.087456365294733 0.000000000000000 22.977337835128797 2.996969288993989 
0.169123550838723 0.869678594191022 -0.000000000000000 -0.156506089681782 0.087559870034478 0.000000000000000 23.052336935674798 2.997087772049923 
0.163797037189448 0.869678594191022 -0.000000000000000 -0.158797278749090 0.087648715761667 -0.000000000000000 23.127490041707137 2.997200187755083 
0.158450768250228 0.869678594191022 -0.000000000000000 -0.161048572224129 0.087725280472649 -0.000000000000000 23.202784927068286 2.997306308324892 
0.153079965447211 0.869678594191022 0.000000000000000 -0.163260423009035 0.087791963191235 -0.000000000000000 23.278209305707943 2.997405878757308 
0.147679866366304 0.869678594191022 0.000000000000000 -0.165433107568214 0.087851207680157 -0.000000000000000 23.353750655244223 2.997498614196153 
0.142245722502337 0.869678594191022 -0.000000000000000 -0.167566718114463 0.087905525775738 0.000000000000000 23.429396040001023 2.997584197028853 
0.136772802342313 0.869678594191022 -0.000000000000000 -0.169661153086817 0.087957520711840 0.000000000000000 23.505131930010190 2.997662273696423 
0.131256400162194 0.869678594191022 0.000000000000000 -0.171716106116357 0.088009910714226 0.000000000000000 23.580944012936957 2.997732451195569 
0.125691851033755 0.869678594191022 -0.000000000000000 -0.173731053724925 0.088065553065111 -0.000000000000000 23.656816996305405 2.997794293255792 
0.120074552631887 0.869678594191022 -0.000000000000000 -0.175705242072584 0.088127468754256 0.000000000000000 23.732734397814820 2.997847316178567 
0.114399994489127 0.869678594191022 -0.000000000000000 -0.177637673167410 0.088198867739039 -0.000000000000000 23.808678321984790 2.997890984331907 
0.108663795351969 0.869678594191022 0.000000000000000 -0.179527091076136 0.088283174730150 -0.000000000000000 23.884629221901566 2.997924705301663 
0.102861749239139 0.869678594191022 0.000000000000000 -0.181371968826127 0.088384055291735 -0.000000000000000 23.960565645496178 2.997947824711717 
0.096989880652846 0.869678594191022 0.000000000000000 -0.183170496869186 0.088505441895146 -0.000000000000000 24.036463966604327 2.997959620738754 
0.091044509129793 0.869678594191022 0.000000000000000 -0.184920574178201 0.088651559388564 -0.000000000000000 24.112298102079187 2.997959298363730 
0.085022322903539 0.869678594191022 -0.000000000000000 -0.186619803260052 0.088826949139815 0.000000000000000 24.188039217463800 2.997945983421478 
0.078920460844022 0.869678594191022 -0.000000000000000 -0.188265490576407 0.089036490881494 0.000000000000000 24.263655425184787 2.997918716531376 
0.072736601017900 0.869678594191022 -0.000000000000000 -0.189854654040723 0.089285421041430 -0.000000000000000 24.339111480864567 2.997876447014426 
0.066469053141210 0.869678594191022 0.000000000000000 -0.191384039371113 0.089579346095657 0.000000000000000 24.414368485086168 2.997818026923356 
0.060116850865423 0.869678594191022 -0.000000000000000 -0.192850147077702 0.089924249257213 -0.000000000000000 24.489383599623896 2.997742205329082 
0.053679838269403 0.869678594191022 -0.000000000000000 -0.194249271693469 0.090326488647957 -0.000000000000000 24.564109788548269 2.997647623014697 
0.047158743172706 0.869678594191022 0.000000000000000 -0.195577554459703 0.090792785038096 0.000000000000000 24.638495595392445 2.997532807720724 
0.040555228051813 0.869678594191022 0.000000000000000 -0.196831049992195 0.091330197330795 0.000000000000000 24.712484967310338 2.997396170056054 
0.033871907595219 0.869678594191022 0.000000000000000 -0.198005806439078 0.091946084275869 0.000000000000000 24.786017135382210 2.997236000129520 
0.027112320490472 0.869678594191022 0.000000000000000 -0.199097957284694 0.092648051469213 0.000000000000000 24.859026556418115 2.997050464859778 
0.020280842162844 0.869678594191022 0.000000000000000 -0.200103821289684 0.093443883561485 0.000000000000000 24.931442915331772 2.996837605780820 
0.013382525141598 0.869678594191022 0.000000000000000 -0.201020005183557 0.094341462761317 0.000000000000000 25.003191178146512 2.996595336973841 
0.006422854728717 0.869678594191022 -0.000000000000000 -0.201843501804309 0.095348676115179 -0.000000000000000 25.074191673957813 2.996321442527639 
-0.000592590204825 0.869678594191022 -0.000000000000000 -0.202571774626883 0.096473315557503 -0.000000000000000 25.144360170168635 2.996013572670094 
-0.007658578237722 0.869678594191022 0.000000000000000 -0.203202818278226 0.097722976160738 0.000000000000000 25.213607889924127 2.995669237443712 
-0.014770771116351 0.869678594191022 -0.000000000000000 -0.203735183912280 0.099104959127904 -0.000000000000000 25.281841405289320 2.995285796550358 
-0.021926372608653 0.869678594191022 -0.000000000000000 -0.204167958335721 0.100626186583458 0.000000000000000 25.348962326102484 2.994860443807306 
-0.029124874563565 0.869678594191022 0.000000000000000 -0.204500686509804 0.102293134858908 -0.000000000000000 25.414866694675197 2.994390184595540 
-0.036368890343915 0.869678594191022 -0.000000000000000 -0.204733228312000 0.104111791518180 -0.000000000000000 25.479443992908291 2.993871804814725 
-0.043665062281656 0.869678594191022 0.000000000000000 -0.204865541876598 0.106087638675586 -0.000000000000000 25.542575673770607 2.993301830288109 
-0.051025025922216 0.869678594191022 -0.000000000000000 -0.204897387042240 0.108225661176402 0.000000000000000 25.604133147321569 2.992676476424804 
-0.058466407687305 0.869678594191022 0.000000000000000 -0.204827943109127 0.110530372970065 -0.000000000000000 25.663975188790545 2.991991589451999 
-0.066013820970743 0.869678594191022 0.000000000000000 -0.204655335280508 0.113005848657190 -0.000000000000000 25.721944803112859 2.991242582964658 
-0.073699803761666 0.869678594191022 -0.000000000000000 -0.204376064520888 0.115655740080850 -0.000000000000000 25.777865693732444 2.990424377280422 
-0.081565602684428 0.869678594191022 -0.000000000000000 -0.203984337863274 0.118483250786349 0.000000000000000 25.831538668285155 2.989531354521373 
-0.089661648199632 0.869678594191022 -0.000000000000000 -0.203471303708220 0.121491036083155 0.000000000000000 25.882738600164728 2.988557349629819 
-0.098047482637049 0.869678594191022 -0.000000000000000 -0.202824214398021 0.124680997165497 -0.000000000000000 25.931212974846680 2.987495706025884 
-0.106790809066230 0.869678594191022 -0.000000000000000 -0.202025572418918 0.128053951061432 -0.000000000000000 25.976683561183833 2.986339431871673 
-0.115965264177599 0.869678594191022 -0.000000000000000 -0.201052371171192 0.131609193403849 -0.000000000000000 26.018853226402090 2.985081493337421 
-0.125646560824794 0.869678594191022 0.000000000000000 -0.199875611646471 0.135344035591785 -0.000000000000000 26.057420025290654 2.983715265706519 
-0.135906902206100 0.869678594191022 -0.000000000000000 -0.198460338571884 0.139253485572303 -0.000000000000000 26.092099883730537 2.982235122002038 
-0.146808106086640 0.869678594191022 -0.000000000000000 -0.196766444719507 0.143330315231398 0.000000000000000 26.122656919673783 2.980637071854127 
-0.158394589134925 0.869678594191022 0.000000000000000 -0.194750383560164 0.147565745282578 0.000000000000000 26.148936805449793 2.978919293750924 
