X(LU)   Y(LU)   Z(LU)   Vx(VU)   Vy(VU)   Vz(VU)   T(TU)  C
-0.163148217708132 0.000000000000000 0.000000000000000 0.000000000000000 -3.328184699541341 0.000000000000000 6.253260980431478 2.055220469052981 
-0.167467533921656 0.000000000000000 0.000000000000000 0.000000000000000 -3.271173175381704 0.000000000000000 6.252703008342323 2.068938596033774 
-0.171881667829836 0.000000000000000 -0.000000000000000 0.000000000000000 -3.215072048563188 0.000000000000000 6.252145732015841 2.082715721450991 
-0.176389315380057 0.000000000000000 0.000000000000000 0.000000000000000 -3.159885745717769 0.000000000000000 6.251589532041537 2.096541479456070 
-0.180989055214611 0.000000000000000 0.000000000000000 0.000000000000000 -3.105616267164446 0.000000000000000 6.251034773881187 2.110405633534737 
-0.185679367724315 0.000000000000000 0.000000000000000 0.000000000000000 -3.052263235037256 0.000000000000000 6.250481805976249 2.124298140724057 
-0.190458653904068 0.000000000000000 0.000000000000000 0.000000000000000 -2.999823973157731 0.000000000000000 6.249930958230545 2.138209208443552 
-0.195325253509753 0.000000000000000 0.000000000000000 0.000000000000000 -2.948293615546972 0.000000000000000 6.249382540881649 2.152129343058284 
-0.200277462077066 0.000000000000000 -0.000000000000000 0.000000000000000 -2.897665239728926 0.000000000000000 6.248836843760671 2.166049389636962 
-0.205313546441093 0.000000000000000 0.000000000000000 0.000000000000000 -2.847930020432462 0.000000000000000 6.248294135926339 2.179960562718591 
-0.210431758485364 0.000000000000000 0.000000000000000 0.000000000000000 -2.799077398970034 0.000000000000000 6.247754665649064 2.193854468230188 
-0.215630346944357 0.000000000000000 0.000000000000000 0.000000000000000 -2.751095263455451 0.000000000000000 6.247218660710439 2.207723116992276 
-0.220907567178701 0.000000000000000 -0.000000000000000 0.000000000000000 -2.703970135105344 0.000000000000000 6.246686328977042 2.221558930496197 
-0.226261688931842 0.000000000000000 0.000000000000000 0.000000000000000 -2.657687356129386 0.000000000000000 6.246157859201942 2.235354739828816 
-0.231691002156824 0.000000000000000 -0.000000000000000 0.000000000000000 -2.612231275116817 0.000000000000000 6.245633422007140 2.249103778751190 
-0.237193821068195 0.000000000000000 0.000000000000000 0.000000000000000 -2.567585426342011 0.000000000000000 6.245113170997448 2.262799672007598 
-0.242768486625317 0.000000000000000 0.000000000000000 0.000000000000000 -2.523732699997079 0.000000000000000 6.244597243960901 2.276436419958944 
-0.248413367688035 0.000000000000000 -0.000000000000000 0.000000000000000 -2.480655500985527 0.000000000000000 6.244085764112581 2.290008380595359 
-0.254126861104208 0.000000000000000 0.000000000000000 0.000000000000000 -2.438335894540139 0.000000000000000 6.243578841345129 2.303510249911815 
-0.259907390991860 0.000000000000000 0.000000000000000 0.000000000000000 -2.396755737537501 0.000000000000000 6.243076573453455 2.316937041516401 
-0.265753407468698 0.000000000000000 0.000000000000000 0.000000000000000 -2.355896794943275 0.000000000000000 6.242579047308274 2.330284066217224 
-0.271663385060517 0.000000000000000 0.000000000000000 0.000000000000000 -2.315740841324707 0.000000000000000 6.242086339959501 2.343546912186503 
-0.277635820990793 0.000000000000000 -0.000000000000000 0.000000000000000 -2.276269747791908 0.000000000000000 6.241598519654949 2.356721426161314 
-0.283669233518700 0.000000000000000 -0.000000000000000 0.000000000000000 -2.237465555077890 0.000000000000000 6.241115646767731 2.369803695997152 
-0.289762160455283 0.000000000000000 -0.000000000000000 0.000000000000000 -2.199310533730634 0.000000000000000 6.240637774628203 2.382790034765012 
-0.295913157949684 0.000000000000000 -0.000000000000000 0.000000000000000 -2.161787232576147 0.000000000000000 6.240164950261648 2.395676966469703 
-0.302120799601442 0.000000000000000 -0.000000000000000 0.000000000000000 -2.124878516722213 0.000000000000000 6.239697215036140 2.408461213374421 
-0.308383675922693 0.000000000000000 -0.000000000000000 0.000000000000000 -2.088567596418102 0.000000000000000 6.239234605227338 2.421139684844224 
-0.314700394146727 0.000000000000000 0.000000000000000 0.000000000000000 -2.052838048074900 0.000000000000000 6.238777152507262 2.433709467568858 
-0.321069578357615 0.000000000000000 -0.000000000000000 0.000000000000000 -2.017673828695963 0.000000000000000 6.238324884367660 2.446167816991740 
-0.327489869899588 0.000000000000000 -0.000000000000000 0.000000000000000 -1.983059284877527 0.000000000000000 6.237877824485429 2.458512149756821 
-0.333959928014490 0.000000000000000 -0.000000000000000 0.000000000000000 -1.948979157427524 0.000000000000000 6.237435993041390 2.470740036982263 
-0.340478430650486 0.000000000000000 -0.000000000000000 0.000000000000000 -1.915418582524176 0.000000000000000 6.236999406998366 2.482849198179019 
-0.347044075384187 0.000000000000000 0.000000000000000 0.000000000000000 -1.882363090205750 0.000000000000000 6.236568080347898 2.494837495651405 
-0.353655580401289 0.000000000000000 0.000000000000000 0.000000000000000 -1.849798600853175 0.000000000000000 6.236142024331401 2.506702929237172 
-0.360311685485993 0.000000000000000 0.000000000000000 0.000000000000000 -1.817711420205969 0.000000000000000 6.235721247641210 2.518443631271595 
-0.367011152976646 0.000000000000000 -0.000000000000000 0.000000000000000 -1.786088233340851 0.000000000000000 6.235305756606272 2.530057861685344 
-0.373752768652968 0.000000000000000 -0.000000000000000 0.000000000000000 -1.754916097945577 0.000000000000000 6.234895555365186 2.541544003169651 
-0.380535342528536 0.000000000000000 -0.000000000000000 0.000000000000000 -1.724182437137106 0.000000000000000 6.234490646030056 2.552900556365972 
-0.387357709530199 0.000000000000000 -0.000000000000000 0.000000000000000 -1.693875032005004 0.000000000000000 6.234091028842413 2.564126135054462 
-0.394218730053164 0.000000000000000 -0.000000000000000 0.000000000000000 -1.663982014006669 0.000000000000000 6.233696702321726 2.575219461332600 
-0.401117290387112 0.000000000000000 0.000000000000000 0.000000000000000 -1.634491857297738 0.000000000000000 6.233307663408855 2.586179360786677 
-0.408052303013542 0.000000000000000 0.000000000000000 0.000000000000000 -1.605393371051332 0.000000000000000 6.232923907602686 2.597004757666557 
-0.415022706779060 0.000000000000000 -0.000000000000000 0.000000000000000 -1.576675691795476 0.000000000000000 6.232545429092270 2.607694670081665 
-0.422027466951969 0.000000000000000 -0.000000000000000 0.000000000000000 -1.548328275785172 0.000000000000000 6.232172220882341 2.618248205237424 
-0.429065575171859 0.000000000000000 -0.000000000000000 0.000000000000000 -1.520340891414855 0.000000000000000 6.231804274913821 2.628664554733690 
-0.436136049302955 0.000000000000000 0.000000000000000 0.000000000000000 -1.492703611673202 0.000000000000000 6.231441582177566 2.638942989945258 
-0.443237933202575 0.000000000000000 -0.000000000000000 0.000000000000000 -1.465406806639429 0.000000000000000 6.231084132822760 2.649082857504133 
-0.450370296415998 0.000000000000000 -0.000000000000000 0.000000000000000 -1.438441136021032 0.000000000000000 6.230731916258534 2.659083574899653 
-0.457532233808675 0.000000000000000 -0.000000000000000 0.000000000000000 -1.411797541733482 0.000000000000000 6.230384921249793 2.668944626211154 
-0.464722865145923 0.000000000000000 -0.000000000000000 0.000000000000000 -1.385467240524844 0.000000000000000 6.230043136006305 2.678665557983904 
-0.471941334629540 0.000000000000000 0.000000000000000 0.000000000000000 -1.359441716649425 0.000000000000000 6.229706548266171 2.688245975257142 
-0.479186810399678 0.000000000000000 0.000000000000000 0.000000000000000 -1.333712714596888 0.000000000000000 6.229375145373061 2.697685537750112 
-0.486458484009368 0.000000000000000 -0.000000000000000 0.000000000000000 -1.308272231884835 0.000000000000000 6.229048914347306 2.706983956208990 
-0.493755569878289 0.000000000000000 0.000000000000000 0.000000000000000 -1.283112511922881 0.000000000000000 6.228727841951839 2.716140988917133 
-0.501077304731281 0.000000000000000 0.000000000000000 0.000000000000000 -1.258226036958195 0.000000000000000 6.228411914752503 2.725156438367486 
-0.508422947026467 0.000000000000000 0.000000000000000 0.000000000000000 -1.233605521111616 0.000000000000000 6.228101119173251 2.734030148095950 
-0.515791776376967 0.000000000000000 0.000000000000000 0.000000000000000 -1.209243903514086 0.000000000000000 6.227795441546666 2.742761999672484 
-0.523183092969755 0.000000000000000 -0.000000000000000 0.000000000000000 -1.185134341552050 0.000000000000000 6.227494868159591 2.751351909846301 
-0.530596216984433 0.000000000000000 0.000000000000000 0.000000000000000 -1.161270204230437 0.000000000000000 6.227199385294971 2.759799827840618 
-0.538030488014395 0.000000000000000 -0.000000000000000 0.000000000000000 -1.137645065660659 0.000000000000000 6.226908979269486 2.768105732791938 
-0.545485264492361 0.000000000000000 -0.000000000000000 0.000000000000000 -1.114252698680332 0.000000000000000 6.226623636467351 2.776269631328510 
-0.552959923121938 0.000000000000000 -0.000000000000000 0.000000000000000 -1.091087068610470 0.000000000000000 6.226343343370961 2.784291555282425 
-0.560453858316587 0.000000000000000 -0.000000000000000 0.000000000000000 -1.068142327154843 0.000000000000000 6.226068086588243 2.792171559529811 
-0.567966481647127 0.000000000000000 -0.000000000000000 0.000000000000000 -1.045412806445496 0.000000000000000 6.225797852877289 2.799909719952992 
-0.575497221298647 0.000000000000000 0.000000000000000 0.000000000000000 -1.022893013237169 0.000000000000000 6.225532629167905 2.807506131519591 
-0.583045521537630 0.000000000000000 -0.000000000000000 0.000000000000000 -1.000577623252808 0.000000000000000 6.225272402581220 2.814960906472438 
-0.590610842189797 0.000000000000000 0.000000000000000 0.000000000000000 -0.978461475681572 0.000000000000000 6.225017160446621 2.822274172624996 
-0.598192658129184 0.000000000000000 0.000000000000000 0.000000000000000 -0.956539567829829 0.000000000000000 6.224766890316414 2.829446071756843 
-0.605790458778812 0.000000000000000 0.000000000000000 0.000000000000000 -0.934807049924840 0.000000000000000 6.224521579979836 2.836476758104567 
-0.613403747623088 0.000000000000000 0.000000000000000 0.000000000000000 -0.913259220071177 0.000000000000000 6.224281217473732 2.843366396942167 
-0.621032041732238 0.000000000000000 0.000000000000000 0.000000000000000 -0.891891519358054 0.000000000000000 6.224045791092530 2.850115163246972 
-0.628674871298770 0.000000000000000 -0.000000000000000 0.000000000000000 -0.870699527116530 0.000000000000000 6.223815289397235 2.856723240445839 
-0.636331779186059 0.000000000000000 0.000000000000000 0.000000000000000 -0.849678956324283 0.000000000000000 6.223589701221673 2.863190819237639 
-0.644002320488973 0.000000000000000 0.000000000000000 0.000000000000000 -0.828825649155968 0.000000000000000 6.223369015679284 2.869518096487496 
-0.651686062106522 0.000000000000000 -0.000000000000000 0.000000000000000 -0.808135572676452 0.000000000000000 6.223153222167827 2.875705274188838 
-0.659382582326389 0.000000000000000 -0.000000000000000 0.000000000000000 -0.787604814674272 0.000000000000000 6.222942310373146 2.881752558489273 
-0.667091470421200 0.000000000000000 -0.000000000000000 0.000000000000000 -0.767229579632354 0.000000000000000 6.222736270272678 2.887660158776713 
-0.674812326256378 0.000000000000000 0.000000000000000 0.000000000000000 -0.747006184832823 0.000000000000000 6.222535092137823 2.893428286822172 
-0.682544759909379 0.000000000000000 -0.000000000000000 0.000000000000000 -0.726931056592730 0.000000000000000 6.222338766535372 2.899057155975912 
-0.690288391300027 0.000000000000000 0.000000000000000 0.000000000000000 -0.707000726627549 0.000000000000000 6.222147284328979 2.904546980413665 
-0.698042849831846 0.000000000000000 0.000000000000000 0.000000000000000 -0.687211828538690 0.000000000000000 6.221960636679895 2.909897974430134 
-0.705807774043963 0.000000000000000 0.000000000000000 0.000000000000000 -0.667561094422178 0.000000000000000 6.221778815046664 2.915110351776579 
-0.713582811273468 0.000000000000000 -0.000000000000000 0.000000000000000 -0.648045351594507 0.000000000000000 6.221601811185262 2.920184325040155 
-0.721367617327874 0.000000000000000 -0.000000000000000 0.000000000000000 -0.628661519432646 0.000000000000000 6.221429617148099 2.925120105062105 
-0.729161856167414 0.000000000000000 -0.000000000000000 0.000000000000000 -0.609406606324550 0.000000000000000 6.221262225283732 2.929917900392648 
-0.736965199596888 0.000000000000000 0.000000000000000 0.000000000000000 -0.590277706726951 0.000000000000000 6.221099628235147 2.934577916780019 
-0.744777326966785 0.000000000000000 -0.000000000000000 0.000000000000000 -0.571271998326915 0.000000000000000 6.220941818938872 2.939100356691688 
-0.752597924883373 0.000000000000000 -0.000000000000000 0.000000000000000 -0.552386739303950 0.000000000000000 6.220788790622946 2.943485418865572 
-0.760426686927448 0.000000000000000 0.000000000000000 0.000000000000000 -0.533619265689355 0.000000000000000 6.220640536805695 2.947733297889448 
-0.768263313381502 0.000000000000000 0.000000000000000 0.000000000000000 -0.514966988819648 0.000000000000000 6.220497051293679 2.951844183806521 
-0.776107510964942 0.000000000000000 -0.000000000000000 0.000000000000000 -0.496427392880932 0.000000000000000 6.220358328179957 2.955818261745625 
-0.783958992577149 0.000000000000000 -0.000000000000000 0.000000000000000 -0.477998032541083 0.000000000000000 6.220224361842030 2.959655711574331 
-0.791817477048027 0.000000000000000 0.000000000000000 0.000000000000000 -0.459676530666802 0.000000000000000 6.220095146940182 2.963356707573443 
-0.799682688895809 0.000000000000000 -0.000000000000000 0.000000000000000 -0.441460576122598 0.000000000000000 6.219970678414933 2.966921418131427 
-0.807554358091782 0.000000000000000 0.000000000000000 0.000000000000000 -0.423347921648916 0.000000000000000 6.219850951486306 2.970350005457429 
-0.815432219831718 0.000000000000000 -0.000000000000000 0.000000000000000 -0.405336381816558 0.000000000000000 6.219735961650689 2.973642625311557 
-0.823316014313695 0.000000000000000 0.000000000000000 0.000000000000000 -0.387423831054765 0.000000000000000 6.219625704679761 2.976799426751269 
-0.831205486522058 0.000000000000000 -0.000000000000000 0.000000000000000 -0.369608201750351 0.000000000000000 6.219520176618728 2.979820551892685 
-0.839100386017259 0.000000000000000 -0.000000000000000 0.000000000000000 -0.351887482415382 0.000000000000000 6.219419373784230 2.982706135685759 
