X(LU)   Y(LU)   Z(LU)   Vx(VU)   Vy(VU)   Vz(VU)   T(TU)  C
0.496606793768795 0.869678594191022 -0.000000000000000 0.009817793412997 -0.006014917655283 0.000000000000000 21.072641964862839 2.988033013892635 
0.505407613861395 0.869678594191022 -0.000000000000000 0.015426672933227 -0.009835458345727 -0.000000000000000 21.076921992573755 2.988089007105659 
0.514167331936954 0.869678594191022 -0.000000000000000 0.021063944383812 -0.013714879585962 0.000000000000000 21.082833285982925 2.988170553492035 
0.522910838461868 0.869678594191022 -0.000000000000000 0.026758313231564 -0.017659975437599 -0.000000000000000 21.089969620265840 2.988276626121110 
0.531677987841889 0.869678594191022 0.000000000000000 0.032545643545767 -0.021695277741004 -0.000000000000000 21.097855200490262 2.988405889721548 
0.540517650756344 0.869678594191022 -0.000000000000000 0.038463119378072 -0.025861131089483 0.000000000000000 21.105982403984402 2.988556703898805 
0.549480380556314 0.869678594191022 0.000000000000000 0.044542854799076 -0.030209418591532 0.000000000000000 21.113848737562993 2.988727123614046 
0.558610864364603 0.869678594191022 -0.000000000000000 0.050806048596311 -0.034797459740460 -0.000000000000000 21.120991013628224 2.988914903557399 
0.567941439685568 0.869678594191022 -0.000000000000000 0.057258763889597 -0.039681023890557 0.000000000000000 21.127015542124308 2.989117513562070 
0.577487753701108 0.869678594191022 0.000000000000000 0.063890079686242 -0.044907655353209 -0.000000000000000 21.131623637569319 2.989332170860523 
0.587247142133529 0.869678594191022 -0.000000000000000 0.070672792483819 -0.050511440259117 -0.000000000000000 21.134632217942453 2.989555894236399 
0.597199663616348 0.869678594191022 -0.000000000000000 0.077566247895204 -0.056509950431872 0.000000000000000 21.135989821734242 2.989785585310964 
0.607311149593116 0.869678594191022 0.000000000000000 0.084520455159502 -0.062903517705335 0.000000000000000 21.135789061045262 2.990018141517081 
0.617537256269884 0.869678594191022 0.000000000000000 0.091480466442165 -0.069676414377197 0.000000000000000 21.134277558677120 2.990250602669962 
0.627827356320650 0.869678594191022 0.000000000000000 0.098390052573608 -0.076799071637761 -0.000000000000000 21.131870958922420 2.990480330145491 
0.638127102988300 0.869678594191022 0.000000000000000 0.105193871463503 -0.084230177706880 0.000000000000000 21.129173511946931 2.990705217599281 
0.648378474049921 0.869678594191022 -0.000000000000000 0.111837470480596 -0.091917266046189 -0.000000000000000 21.127013273673562 2.990923935424750 
0.658515852913225 0.869678594191022 0.000000000000000 0.118264473539185 -0.099794053305387 0.000000000000000 21.126497976783039 2.991136211025771 
0.668456188812355 0.869678594191022 0.000000000000000 0.124410233056697 -0.107772242536642 0.000000000000000 21.129087530728246 2.991343122149996 
0.678081484458846 0.869678594191022 0.000000000000000 0.130191833973259 -0.115725616578367 -0.000000000000000 21.136642370214407 2.991547283434765 
0.687217237375915 0.869678594191022 0.000000000000000 0.135498297970145 -0.123469165929814 -0.000000000000000 21.151316764537867 2.991752584531977 
0.695629576930340 0.869678594191022 -0.000000000000000 0.140195918827525 -0.130754254282599 0.000000000000000 21.175067934407743 2.991962964593062 
0.703084529000726 0.869678594191022 0.000000000000000 0.144170866835480 -0.137322442946180 0.000000000000000 21.208772310431616 2.992180395165418 
0.709461382637241 0.869678594191022 -0.000000000000000 0.147393477278137 -0.143015320655906 -0.000000000000000 21.251687485208084 2.992403892418343 
0.714805386940765 0.869678594191022 0.000000000000000 0.149934246149116 -0.147833317801729 -0.000000000000000 21.301984177204094 2.992630755744135 
0.719267305781619 0.869678594191022 0.000000000000000 0.151915483229197 -0.151886295307528 -0.000000000000000 21.357717030926537 2.992858304250148 
0.723019065059696 0.869678594191022 0.000000000000000 0.153459503352939 -0.155314977935778 0.000000000000000 21.417344462190314 2.993084583025320 
0.726209799398642 0.869678594191022 0.000000000000000 0.154666112841656 -0.158246739833978 0.000000000000000 21.479784686446173 2.993308326087224 
0.728955886358104 0.869678594191022 0.000000000000000 0.155610350750585 -0.160783222047449 0.000000000000000 21.544307230005728 2.993528742834863 
0.731344729344560 0.869678594191022 0.000000000000000 0.156347118635641 -0.163001823561178 -0.000000000000000 21.610418361707495 2.993745340538984 
0.733441447009748 0.869678594191022 -0.000000000000000 0.156916497517848 -0.164960758421701 -0.000000000000000 21.677778189090880 2.993957808813340 
0.735294835835998 0.869678594191022 -0.000000000000000 0.157348012713827 -0.166703958025358 -0.000000000000000 21.746146805454309 2.994165949084838 
0.736941896704157 0.869678594191022 0.000000000000000 0.157663708864419 -0.168264926315231 0.000000000000000 21.815350314594703 2.994369631750317 
0.738411087156198 0.869678594191022 -0.000000000000000 0.157880289798540 -0.169669566014565 0.000000000000000 21.885259357926483 2.994568769687537 
0.739724618888433 0.869678594191022 0.000000000000000 0.158010596729627 -0.170938201916675 0.000000000000000 21.955775339121317 2.994763301440277 
0.740900080281782 0.869678594191022 -0.000000000000000 0.158064634674617 -0.172087023555900 0.000000000000000 22.026821405270432 2.994953180225071 
0.741951590872013 0.869678594191022 0.000000000000000 0.158050292984440 -0.173129119311759 0.000000000000000 22.098336409794481 2.995138366518300 
0.742890632030010 0.869678594191022 0.000000000000000 0.157973857976256 -0.174075224980425 0.000000000000000 22.170270780000951 2.995318822891908 
0.743726652429529 0.869678594191022 0.000000000000000 0.157840382921809 -0.174934272276095 0.000000000000000 22.242583626098387 2.995494510285584 
0.744467515429680 0.869678594191022 -0.000000000000000 0.157653958986760 -0.175713796149397 0.000000000000000 22.315240675770340 2.995665385206336 
0.745119834305915 0.869678594191022 0.000000000000000 0.157417916510022 -0.176420241582454 -0.000000000000000 22.388212768355572 2.995831397527491 
0.745689227043446 0.869678594191022 0.000000000000000 0.157134976672278 -0.177059198134700 -0.000000000000000 22.461474735052626 2.995992488669637 
0.746180512844603 0.869678594191022 0.000000000000000 0.156807367418749 -0.177635582105880 0.000000000000000 22.535004549662847 2.996148590015433 
0.746597866016450 0.869678594191022 -0.000000000000000 0.156436913362263 -0.178153780437165 0.000000000000000 22.608782671492442 2.996299621454142 
0.746944938473754 0.869678594191022 -0.000000000000000 0.156025106594784 -0.178617766521720 0.000000000000000 22.682791526191291 2.996445489980425 
0.747224959033156 0.869678594191022 0.000000000000000 0.155573163423182 -0.179031195354751 -0.000000000000000 22.757015086282085 2.996586088290558 
0.747440815544549 0.869678594191022 0.000000000000000 0.155082070726039 -0.179397483535297 -0.000000000000000 22.831438523849030 2.996721293331730 
0.747595124411569 0.869678594191022 -0.000000000000000 0.154552624712595 -0.179719878279524 0.000000000000000 22.906047915133833 2.996850964768322 
0.747690290998372 0.869678594191022 -0.000000000000000 0.153985464226496 -0.180001518644242 0.000000000000000 22.980829981778079 2.996974943334624 
0.747728563674152 0.869678594191022 -0.000000000000000 0.153381100293347 -0.180245491472879 0.000000000000000 23.055771856894406 2.997093049047342 
0.747712083720881 0.869678594191022 -0.000000000000000 0.152739943306740 -0.180454884083773 0.000000000000000 23.130860866522468 2.997205079254083 
0.747642932957226 0.869678594191022 -0.000000000000000 0.152062329041705 -0.180632835361235 0.000000000000000 23.206084318671003 2.997310806496206 
0.747523180677534 0.869678594191022 -0.000000000000000 0.151348544556039 -0.180782586650463 -0.000000000000000 23.281429293252419 2.997409976166852 
0.747354931326880 0.869678594191022 -0.000000000000000 0.150598854964216 -0.180907533657839 -0.000000000000000 23.356882426972554 2.997502303947467 
0.747140374216233 0.869678594191022 -0.000000000000000 0.149813532036735 -0.181011280401829 -0.000000000000000 23.432429687730703 2.997587473009732 
0.746881836500005 0.869678594191022 -0.000000000000000 0.148992885575128 -0.181097696121037 -0.000000000000000 23.508056133429079 2.997665130974621 
0.746581840574186 0.869678594191022 0.000000000000000 0.148137298530288 -0.181170975904922 0.000000000000000 23.583745650361791 2.997734886626962 
0.746243166992081 0.869678594191022 -0.000000000000000 0.147247266859016 -0.181235705653956 -0.000000000000000 23.659480666637272 2.997796306393371 
0.745868923906657 0.869678594191022 0.000000000000000 0.146323445134914 -0.181296931767963 0.000000000000000 23.735241836496446 2.997848910603754 
0.745462623919877 0.869678594191022 0.000000000000000 0.145366698931988 -0.181360235690606 0.000000000000000 23.811007692018023 2.997892169573525 
0.745028269007777 0.869678594191022 -0.000000000000000 0.144378164955849 -0.181431813064984 -0.000000000000000 23.886754259725812 2.997925499564990 
0.744570443868374 0.869678594191022 0.000000000000000 0.143359319783497 -0.181518556758585 0.000000000000000 23.962454641180404 2.997948258713411 
0.744094417559867 0.869678594191022 0.000000000000000 0.142312057848409 -0.181628142360757 0.000000000000000 24.038078558974117 2.997959743036123 
0.743606252609428 0.869678594191022 -0.000000000000000 0.141238778928617 -0.181769113912698 -0.000000000000000 24.113591872877894 2.997959182681023 
0.743112919839594 0.869678594191022 -0.000000000000000 0.140142484812346 -0.181950966592877 -0.000000000000000 24.188956075420212 2.997945738613021 
0.742622415931577 0.869678594191022 -0.000000000000000 0.139026883972037 -0.182184221846650 -0.000000000000000 24.264127782088025 2.997918499979796 
0.742143879218683 0.869678594191022 0.000000000000000 0.137896501932529 -0.182480489073972 0.000000000000000 24.339058238635037 2.997876482436558 
0.741687697403565 0.869678594191022 -0.000000000000000 0.136756793549101 -0.182852506571760 -0.000000000000000 24.413692876426058 2.997818627735074 
0.741265598930801 0.869678594191022 0.000000000000000 0.135614251646778 -0.183314153155131 0.000000000000000 24.487970955673816 2.997743804883831 
0.740890717817339 0.869678594191022 0.000000000000000 0.134476504512281 -0.183880421019554 0.000000000000000 24.561825344614963 2.997650813150165 
0.740577620180616 0.869678594191022 -0.000000000000000 0.133352392786889 -0.184567340316768 -0.000000000000000 24.635182488214230 2.997538387087431 
0.740342279940474 0.869678594191022 0.000000000000000 0.132252014707771 -0.185391846998973 0.000000000000000 24.707962620370708 2.997405203618731 
0.740201991724591 0.869678594191022 0.000000000000000 0.131186727830213 -0.186371588113640 0.000000000000000 24.780080266005314 2.997249890989849 
0.740175211362624 0.869678594191022 0.000000000000000 0.130169095828926 -0.187524663120844 -0.000000000000000 24.851445061415561 2.997071039127235 
0.740281318811023 0.869678594191022 -0.000000000000000 0.129212771159025 -0.188869305862652 -0.000000000000000 24.921962891905405 2.996867210629305 
0.740540304847775 0.869678594191022 -0.000000000000000 0.128332308475232 -0.190423519020018 -0.000000000000000 24.991537306552409 2.996636951326907 
0.740972390840114 0.869678594191022 -0.000000000000000 0.127542909595544 -0.192204680256871 0.000000000000000 25.060071125996515 2.996378799127593 
0.741597599225833 0.869678594191022 -0.000000000000000 0.126860107810784 -0.194229145454963 -0.000000000000000 25.127468118583238 2.996091289761535 
0.742435299619639 0.869678594191022 -0.000000000000000 0.126299406414863 -0.196511878137758 0.000000000000000 25.193634592626118 2.995772958104602 
0.743503760212037 0.869678594191022 0.000000000000000 0.125875892181696 -0.199066134379382 0.000000000000000 25.258480746374588 2.995422333958217 
0.744819735353609 0.869678594191022 0.000000000000000 0.125603848003484 -0.201903228927640 -0.000000000000000 25.321921636040376 2.995037931467573 
0.746398117602383 0.869678594191022 -0.000000000000000 0.125496389353258 -0.205032401466325 0.000000000000000 25.383877662968370 2.994618231684953 
0.748251676539049 0.869678594191022 0.000000000000000 0.125565146608253 -0.208460793074880 -0.000000000000000 25.444274534356758 2.994161658062076 
0.750390898328110 0.869678594191022 0.000000000000000 0.125820010109135 -0.212193533372825 0.000000000000000 25.503042705314179 2.993666544846425 
0.752823930515209 0.869678594191022 -0.000000000000000 0.126268948013443 -0.216233929728475 -0.000000000000000 25.560116352167729 2.993131098474064 
0.755556626898201 0.869678594191022 -0.000000000000000 0.126917899441254 -0.220583741935669 -0.000000000000000 25.615431951690113 2.992553352154760 
0.758592678197951 0.869678594191022 -0.000000000000000 0.127770737878668 -0.225243519138899 -0.000000000000000 25.668926549111394 2.991931114020874 
0.761933806097236 0.869678594191022 -0.000000000000000 0.128829292865938 -0.230212970419218 0.000000000000000 25.720535796239943 2.991261909549397 
0.765579991275849 0.869678594191022 0.000000000000000 0.130093412085130 -0.235491336127768 -0.000000000000000 25.770191839720798 2.990542919547194 
0.769529700586766 0.869678594191022 -0.000000000000000 0.131561041468070 -0.241077723572340 -0.000000000000000 25.817821148386948 2.989770915888838 
0.773780074689121 0.869678594191022 0.000000000000000 0.133228298246234 -0.246971367807755 -0.000000000000000 25.863342395517073 2.988942198498728 
0.778327035568270 0.869678594191022 0.000000000000000 0.135089511389721 -0.253171775961897 -0.000000000000000 25.906664561080337 2.988052538875250 
0.783165273915452 0.869678594191022 -0.000000000000000 0.137137206154373 -0.259678711954024 0.000000000000000 25.947685491837191 2.987097137853919 
0.788288080392828 0.869678594191022 -0.000000000000000 0.139362015244611 -0.266491978681070 -0.000000000000000 25.986291250315674 2.986070608288980 
0.793686994557120 0.869678594191022 -0.000000000000000 0.141752509577149 -0.273610959378719 -0.000000000000000 26.022356686597828 2.984966996614425 
0.799351264173647 0.869678594191022 -0.000000000000000 0.144294958293202 -0.281033893644043 -0.000000000000000 26.055747755133059 2.983779860004267 
0.805267140257723 0.869678594191022 -0.000000000000000 0.146973051753235 -0.288756893313209 -0.000000000000000 26.086326125557370 2.982502416448085 
0.811417082479365 0.869678594191022 -0.000000000000000 0.149767652104350 -0.296772755650612 0.000000000000000 26.113956527552173 2.981127780955390 
0.817779012692763 0.869678594191022 0.000000000000000 0.152656668493402 -0.305069707413855 0.000000000000000 26.138516934553824 2.979649289432363 
0.824325816195692 0.869678594191022 -0.000000000000000 0.155615175855965 -0.313630300824163 -0.000000000000000 26.159911067600081 2.978060891034592 
X(LU)   Y(LU)   Z(LU)   Vx(VU)   Vy(VU)   Vz(VU)   T(TU)  C
0.496606793768795 0.869678594191022 -0.000000000000000 0.009817793412997 -0.006014917655283 0.000000000000000 21.072641964862839 2.988033013892635 
0.505407613861395 0.869678594191022 -0.000000000000000 0.015426672933227 -0.009835458345727 -0.000000000000000 21.076921992573755 2.988089007105659 
0.514167331936954 0.869678594191022 -0.000000000000000 0.021063944383812 -0.013714879585962 0.000000000000000 21.082833285982925 2.988170553492035 
0.522910838461868 0.869678594191022 -0.000000000000000 0.026758313231564 -0.017659975437599 -0.000000000000000 21.089969620265840 2.988276626121110 
0.531677987841889 0.869678594191022 0.000000000000000 0.032545643545767 -0.021695277741004 -0.000000000000000 21.097855200490262 2.988405889721548 
0.540517650756344 0.869678594191022 -0.000000000000000 0.038463119378072 -0.025861131089483 0.000000000000000 21.105982403984402 2.988556703898805 
0.549480380556314 0.869678594191022 0.000000000000000 0.044542854799076 -0.030209418591532 0.000000000000000 21.113848737562993 2.988727123614046 
0.558610864364603 0.869678594191022 -0.000000000000000 0.050806048596311 -0.034797459740460 -0.000000000000000 21.120991013628224 2.988914903557399 
0.567941439685568 0.869678594191022 -0.000000000000000 0.057258763889597 -0.039681023890557 0.000000000000000 21.127015542124308 2.989117513562070 
0.577487753701108 0.869678594191022 0.000000000000000 0.063890079686242 -0.044907655353209 -0.000000000000000 21.131623637569319 2.989332170860523 
0.587247142133529 0.869678594191022 -0.000000000000000 0.070672792483819 -0.050511440259117 -0.000000000000000 21.134632217942453 2.989555894236399 
0.597199663616348 0.869678594191022 -0.000000000000000 0.077566247895204 -0.056509950431872 0.000000000000000 21.135989821734242 2.989785585310964 
0.607311149593116 0.869678594191022 0.000000000000000 0.084520455159502 -0.062903517705335 0.000000000000000 21.135789061045262 2.990018141517081 
0.617537256269884 0.869678594191022 0.000000000000000 0.091480466442165 -0.069676414377197 0.000000000000000 21.134277558677120 2.990250602669962 
0.627827356320650 0.869678594191022 0.000000000000000 0.098390052573608 -0.076799071637761 -0.000000000000000 21.131870958922420 2.990480330145491 
0.638127102988300 0.869678594191022 0.000000000000000 0.105193871463503 -0.084230177706880 0.000000000000000 21.129173511946931 2.990705217599281 
0.648378474049921 0.869678594191022 -0.000000000000000 0.111837470480596 -0.091917266046189 -0.000000000000000 21.127013273673562 2.990923935424750 
0.658515852913225 0.869678594191022 0.000000000000000 0.118264473539185 -0.099794053305387 0.000000000000000 21.126497976783039 2.991136211025771 
0.668456188812355 0.869678594191022 0.000000000000000 0.124410233056697 -0.107772242536642 0.000000000000000 21.129087530728246 2.991343122149996 
0.678081484458846 0.869678594191022 0.000000000000000 0.130191833973259 -0.115725616578367 -0.000000000000000 21.136642370214407 2.991547283434765 
0.687217237375915 0.869678594191022 0.000000000000000 0.135498297970145 -0.123469165929814 -0.000000000000000 21.151316764537867 2.991752584531977 
0.695629576930340 0.869678594191022 -0.000000000000000 0.140195918827525 -0.130754254282599 0.000000000000000 21.175067934407743 2.991962964593062 
0.703084529000726 0.869678594191022 0.000000000000000 0.144170866835480 -0.137322442946180 0.000000000000000 21.208772310431616 2.992180395165418 
0.709461382637241 0.869678594191022 -0.000000000000000 0.147393477278137 -0.143015320655906 -0.000000000000000 21.251687485208084 2.992403892418343 
0.714805386940765 0.869678594191022 0.000000000000000 0.149934246149116 -0.147833317801729 -0.000000000000000 21.301984177204094 2.992630755744135 
0.719267305781619 0.869678594191022 0.000000000000000 0.151915483229197 -0.151886295307528 -0.000000000000000 21.357717030926537 2.992858304250148 
0.723019065059696 0.869678594191022 0.000000000000000 0.153459503352939 -0.155314977935778 0.000000000000000 21.417344462190314 2.993084583025320 
0.726209799398642 0.869678594191022 0.000000000000000 0.154666112841656 -0.158246739833978 0.000000000000000 21.479784686446173 2.993308326087224 
0.728955886358104 0.869678594191022 0.000000000000000 0.155610350750585 -0.160783222047449 0.000000000000000 21.544307230005728 2.993528742834863 
0.731344729344560 0.869678594191022 0.000000000000000 0.156347118635641 -0.163001823561178 -0.000000000000000 21.610418361707495 2.993745340538984 
0.733441447009748 0.869678594191022 -0.000000000000000 0.156916497517848 -0.164960758421701 -0.000000000000000 21.677778189090880 2.993957808813340 
0.735294835835998 0.869678594191022 -0.000000000000000 0.157348012713827 -0.166703958025358 -0.000000000000000 21.746146805454309 2.994165949084838 
0.736941896704157 0.869678594191022 0.000000000000000 0.157663708864419 -0.168264926315231 0.000000000000000 21.815350314594703 2.994369631750317 
0.738411087156198 0.869678594191022 -0.000000000000000 0.157880289798540 -0.169669566014565 0.000000000000000 21.885259357926483 2.994568769687537 
0.739724618888433 0.869678594191022 0.000000000000000 0.158010596729627 -0.170938201916675 0.000000000000000 21.955775339121317 2.994763301440277 
0.740900080281782 0.869678594191022 -0.000000000000000 0.158064634674617 -0.172087023555900 0.000000000000000 22.026821405270432 2.994953180225071 
0.741951590872013 0.869678594191022 0.000000000000000 0.158050292984440 -0.173129119311759 0.000000000000000 22.098336409794481 2.995138366518300 
0.742890632030010 0.869678594191022 0.000000000000000 0.157973857976256 -0.174075224980425 0.000000000000000 22.170270780000951 2.995318822891908 
0.743726652429529 0.869678594191022 0.000000000000000 0.157840382921809 -0.174934272276095 0.000000000000000 22.242583626098387 2.995494510285584 
0.744467515429680 0.869678594191022 -0.000000000000000 0.157653958986760 -0.175713796149397 0.000000000000000 22.315240675770340 2.995665385206336 
0.745119834305915 0.869678594191022 0.000000000000000 0.157417916510022 -0.176420241582454 -0.000000000000000 22.388212768355572 2.995831397527491 
0.745689227043446 0.869678594191022 0.000000000000000 0.157134976672278 -0.177059198134700 -0.000000000000000 22.461474735052626 2.995992488669637 
0.746180512844603 0.869678594191022 0.000000000000000 0.156807367418749 -0.177635582105880 0.000000000000000 22.535004549662847 2.996148590015433 
0.746597866016450 0.869678594191022 -0.000000000000000 0.156436913362263 -0.178153780437165 0.000000000000000 22.608782671492442 2.996299621454142 
0.746944938473754 0.869678594191022 -0.000000000000000 0.156025106594784 -0.178617766521720 0.000000000000000 22.682791526191291 2.996445489980425 
0.747224959033156 0.869678594191022 0.000000000000000 0.155573163423182 -0.179031195354751 -0.000000000000000 22.757015086282085 2.996586088290558 
0.747440815544549 0.869678594191022 0.000000000000000 0.155082070726039 -0.179397483535297 -0.000000000000000 22.831438523849030 2.996721293331730 
0.747595124411569 0.869678594191022 -0.000000000000000 0.154552624712595 -0.179719878279524 0.000000000000000 22.906047915133833 2.996850964768322 
0.747690290998372 0.869678594191022 -0.000000000000000 0.153985464226496 -0.180001518644242 0.000000000000000 22.980829981778079 2.996974943334624 
0.747728563674152 0.869678594191022 -0.000000000000000 0.153381100293347 -0.180245491472879 0.000000000000000 23.055771856894406 2.997093049047342 
0.747712083720881 0.869678594191022 -0.000000000000000 0.152739943306740 -0.180454884083773 0.000000000000000 23.130860866522468 2.997205079254083 
0.747642932957226 0.869678594191022 -0.000000000000000 0.152062329041705 -0.180632835361235 0.000000000000000 23.206084318671003 2.997310806496206 
0.747523180677534 0.869678594191022 -0.000000000000000 0.151348544556039 -0.180782586650463 -0.000000000000000 23.281429293252419 2.997409976166852 
0.747354931326880 0.869678594191022 -0.000000000000000 0.150598854964216 -0.180907533657839 -0.000000000000000 23.356882426972554 2.997502303947467 
0.747140374216233 0.869678594191022 -0.000000000000000 0.149813532036735 -0.181011280401829 -0.000000000000000 23.432429687730703 2.997587473009732 
0.746881836500005 0.869678594191022 -0.000000000000000 0.148992885575128 -0.181097696121037 -0.000000000000000 23.508056133429079 2.997665130974621 
0.746581840574186 0.869678594191022 0.000000000000000 0.148137298530288 -0.181170975904922 0.000000000000000 23.583745650361791 2.997734886626962 
0.746243166992081 0.869678594191022 -0.000000000000000 0.147247266859016 -0.181235705653956 -0.000000000000000 23.659480666637272 2.997796306393371 
0.745868923906657 0.869678594191022 0.000000000000000 0.146323445134914 -0.181296931767963 0.000000000000000 23.735241836496446 2.997848910603754 
0.745462623919877 0.869678594191022 0.000000000000000 0.145366698931988 -0.181360235690606 0.000000000000000 23.811007692018023 2.997892169573525 
0.745028269007777 0.869678594191022 -0.000000000000000 0.144378164955849 -0.181431813064984 -0.000000000000000 23.886754259725812 2.997925499564990 
0.744570443868374 0.869678594191022 0.000000000000000 0.143359319783497 -0.181518556758585 0.000000000000000 23.962454641180404 2.997948258713411 
0.744094417559867 0.869678594191022 0.000000000000000 0.142312057848409 -0.181628142360757 0.000000000000000 24.038078558974117 2.997959743036123 
0.743606252609428 0.869678594191022 -0.000000000000000 0.141238778928617 -0.181769113912698 -0.000000000000000 24.113591872877894 2.997959182681023 
0.743112919839594 0.869678594191022 -0.000000000000000 0.140142484812346 -0.181950966592877 -0.000000000000000 24.188956075420212 2.997945738613021 
0.742622415931577 0.869678594191022 -0.000000000000000 0.139026883972037 -0.182184221846650 -0.000000000000000 24.264127782088025 2.997918499979796 
0.742143879218683 0.869678594191022 0.000000000000000 0.137896501932529 -0.182480489073972 0.000000000000000 24.339058238635037 2.997876482436558 
0.741687697403565 0.869678594191022 -0.000000000000000 0.136756793549101 -0.182852506571760 -0.000000000000000 24.413692876426058 2.997818627735074 
0.741265598930801 0.869678594191022 0.000000000000000 0.135614251646778 -0.183314153155131 0.000000000000000 24.487970955673816 2.997743804883831 
0.740890717817339 0.869678594191022 0.000000000000000 0.134476504512281 -0.183880421019554 0.000000000000000 24.561825344614963 2.997650813150165 
0.740577620180616 0.869678594191022 -0.000000000000000 0.133352392786889 -0.184567340316768 -0.000000000000000 24.635182488214230 2.997538387087431 
0.740342279940474 0.869678594191022 0.000000000000000 0.132252014707771 -0.185391846998973 0.000000000000000 24.707962620370708 2.997405203618731 
0.740201991724591 0.869678594191022 0.000000000000000 0.131186727830213 -0.186371588113640 0.000000000000000 24.780080266005314 2.997249890989849 
0.740175211362624 0.869678594191022 0.000000000000000 0.130169095828926 -0.187524663120844 -0.000000000000000 24.851445061415561 2.997071039127235 
0.740281318811023 0.869678594191022 -0.000000000000000 0.129212771159025 -0.188869305862652 -0.000000000000000 24.921962891905405 2.996867210629305 
0.740540304847775 0.869678594191022 -0.000000000000000 0.128332308475232 -0.190423519020018 -0.000000000000000 24.991537306552409 2.996636951326907 
0.740972390840114 0.869678594191022 -0.000000000000000 0.127542909595544 -0.192204680256871 0.000000000000000 25.060071125996515 2.996378799127593 
0.741597599225833 0.869678594191022 -0.000000000000000 0.126860107810784 -0.194229145454963 -0.000000000000000 25.127468118583238 2.996091289761535 
0.742435299619639 0.869678594191022 -0.000000000000000 0.126299406414863 -0.196511878137758 0.000000000000000 25.193634592626118 2.995772958104602 
0.743503760212037 0.869678594191022 0.000000000000000 0.125875892181696 -0.199066134379382 0.000000000000000 25.258480746374588 2.995422333958217 
0.744819735353609 0.869678594191022 0.000000000000000 0.125603848003484 -0.201903228927640 -0.000000000000000 25.321921636040376 2.995037931467573 
0.746398117602383 0.869678594191022 -0.000000000000000 0.125496389353258 -0.205032401466325 0.000000000000000 25.383877662968370 2.994618231684953 
0.748251676539049 0.869678594191022 0.000000000000000 0.125565146608253 -0.208460793074880 -0.000000000000000 25.444274534356758 2.994161658062076 
0.750390898328110 0.869678594191022 0.000000000000000 0.125820010109135 -0.212193533372825 0.000000000000000 25.503042705314179 2.993666544846425 
0.752823930515209 0.869678594191022 -0.000000000000000 0.126268948013443 -0.216233929728475 -0.000000000000000 25.560116352167729 2.993131098474064 
0.755556626898201 0.869678594191022 -0.000000000000000 0.126917899441254 -0.220583741935669 -0.000000000000000 25.615431951690113 2.992553352154760 
0.758592678197951 0.869678594191022 -0.000000000000000 0.127770737878668 -0.225243519138899 -0.000000000000000 25.668926549111394 2.991931114020874 
0.761933806097236 0.869678594191022 -0.000000000000000 0.128829292865938 -0.230212970419218 0.000000000000000 25.720535796239943 2.991261909549397 
0.765579991275849 0.869678594191022 0.000000000000000 0.130093412085130 -0.235491336127768 -0.000000000000000 25.770191839720798 2.990542919547194 
0.769529700586766 0.869678594191022 -0.000000000000000 0.131561041468070 -0.241077723572340 -0.000000000000000 25.817821148386948 2.989770915888838 
0.773780074689121 0.869678594191022 0.000000000000000 0.133228298246234 -0.246971367807755 -0.000000000000000 25.863342395517073 2.988942198498728 
0.778327035568270 0.869678594191022 0.000000000000000 0.135089511389721 -0.253171775961897 -0.000000000000000 25.906664561080337 2.988052538875250 
0.783165273915452 0.869678594191022 -0.000000000000000 0.137137206154373 -0.259678711954024 0.000000000000000 25.947685491837191 2.987097137853919 
0.788288080392828 0.869678594191022 -0.000000000000000 0.139362015244611 -0.266491978681070 -0.000000000000000 25.986291250315674 2.986070608288980 
0.793686994557120 0.869678594191022 -0.000000000000000 0.141752509577149 -0.273610959378719 -0.000000000000000 26.022356686597828 2.984966996614425 
0.799351264173647 0.869678594191022 -0.000000000000000 0.144294958293202 -0.281033893644043 -0.000000000000000 26.055747755133059 2.983779860004267 
0.805267140257723 0.869678594191022 -0.000000000000000 0.146973051753235 -0.288756893313209 -0.000000000000000 26.086326125557370 2.982502416448085 
0.811417082479365 0.869678594191022 -0.000000000000000 0.149767652104350 -0.296772755650612 0.000000000000000 26.113956527552173 2.981127780955390 
0.817779012692763 0.869678594191022 0.000000000000000 0.152656668493402 -0.305069707413855 0.000000000000000 26.138516934553824 2.979649289432363 
0.824325816195692 0.869678594191022 -0.000000000000000 0.155615175855965 -0.313630300824163 -0.000000000000000 26.159911067600081 2.978060891034592 
0.831025320345105 0.869678594191022 -0.000000000000000 0.158615888690801 -0.322430748207168 0.000000000000000 26.178081837686154 2.976357562630407 
0.837840940056358 0.869678594191022 0.000000000000000 0.161630046847450 -0.331440976798426 0.000000000000000 26.193023487450105 2.974535674449691 
0.844733047597892 0.869678594191022 -0.000000000000000 0.164628668305295 -0.340625568905875 0.000000000000000 26.204789770443686 2.972593227928419 
0.851660924750449 0.869678594191022 -0.000000000000000 0.167584003555398 -0.349945533940439 -0.000000000000000 26.213495933981633 2.970529906334195 
0.858584967341313 0.869678594191022 0.000000000000000 0.170470941414331 -0.359360615552320 0.000000000000000 26.219313620442147 2.968346924207605 
0.865468728540349 0.869678594191022 0.000000000000000 0.173268114249479 -0.368831682938923 0.000000000000000 26.222459608869038 2.966046715060618 
0.872280451421389 0.869678594191022 -0.000000000000000 0.175958536927263 -0.378322764749160 -0.000000000000000 26.223180797791876 2.963632533931062 
0.878993914289508 0.869678594191022 -0.000000000000000 0.178529745314748 -0.387802439317725 -0.000000000000000 26.221738378053477 2.961108057982970 
0.885588604724024 0.869678594191022 0.000000000000000 0.180973516524266 -0.397244506141745 0.000000000000000 26.218393703075407 2.958477047903175 
0.892049372990680 0.869678594191022 0.000000000000000 0.183285315192226 -0.406628036067759 -0.000000000000000 26.213397348437475 2.955743100755216 
0.898365765504290 0.869678594191022 0.000000000000000 0.185463614755616 -0.415936985208637 -0.000000000000000 26.206981791940901 2.952909496380135 
0.904531221903236 0.869678594191022 -0.000000000000000 0.187509210718376 -0.425159566346208 0.000000000000000 26.199357382576792 2.949979121942283 
0.910542269271993 0.869678594191022 0.000000000000000 0.189424599137345 -0.434287533819083 -0.000000000000000 26.190710888007001 2.946954452823508 
0.916397792697348 0.869678594191022 -0.000000000000000 0.191213454773972 -0.443315485703774 0.000000000000000 26.181205834633566 2.943837569066723 
0.922098417785902 0.869678594191022 0.000000000000000 0.192880216225772 -0.452240240247496 0.000000000000000 26.170983952083596 2.940630190951233 
0.927646012002641 0.869678594191022 -0.000000000000000 0.194429769795395 -0.461060309578587 -0.000000000000000 26.160167196988994 2.937333722296418 
0.933043295740666 0.869678594191022 -0.000000000000000 0.195867216938678 -0.469775472756981 -0.000000000000000 26.148859993994147 2.933949294379313 
0.938293547067060 0.869678594191022 -0.000000000000000 0.197197708585332 -0.478386439226381 0.000000000000000 26.137151465939439 2.930477806504932 
0.943400382521955 0.869678594191022 -0.000000000000000 0.198426330884411 -0.486894589246003 -0.000000000000000 26.125117523449489 2.926919961360942 
0.948367597575715 0.869678594191022 -0.000000000000000 0.199558029336376 -0.495301777150013 0.000000000000000 26.112822750532057 2.923276294565542 
X(LU)   Y(LU)   Z(LU)   Vx(VU)   Vy(VU)   Vz(VU)   T(TU)  C
0.979733240402610 0.000000000000000 -0.000000000000000 0.000000000000000 1.231751933674624 0.000000000000000 0.041409548989880 4.428695427797491 
0.979424051776551 0.000000000000000 0.000000000000000 0.000000000000000 1.209408069010357 0.000000000000000 0.043782251952236 4.373377717512877 
0.979096598353596 0.000000000000000 0.000000000000000 0.000000000000000 1.187066183215627 0.000000000000000 0.046341114739608 4.319031660776596 
0.978749387013107 0.000000000000000 -0.000000000000000 0.000000000000000 1.164726560439438 0.000000000000000 0.049104928523753 4.265655597032859 
0.978380765774216 0.000000000000000 -0.000000000000000 0.000000000000000 1.142389533443852 0.000000000000000 0.052094832087826 4.213247735287414 
0.977988902640271 0.000000000000000 -0.000000000000000 0.000000000000000 1.120055493375357 0.000000000000000 0.055334665360750 4.161806141616938 
0.977571761014328 0.000000000000000 -0.000000000000000 0.000000000000000 1.097724901679514 0.000000000000000 0.058851385886237 4.111328725402299 
0.977127071027354 0.000000000000000 -0.000000000000000 0.000000000000000 1.075398305025027 0.000000000000000 0.062675561265798 4.061813224142227 
0.976652295968212 0.000000000000000 -0.000000000000000 0.000000000000000 1.053076353720130 0.000000000000000 0.066841953710360 4.013257186797329 
0.976144592822739 0.000000000000000 -0.000000000000000 0.000000000000000 1.030759824867968 0.000000000000000 0.071390216772164 3.965657955572188 
0.975600765691143 0.000000000000000 -0.000000000000000 0.000000000000000 1.008449651436308 0.000000000000000 0.076365729341821 3.919012646144875 
0.975017210557679 0.000000000000000 -0.000000000000000 0.000000000000000 0.986146959101571 0.000000000000000 0.081820598429425 3.873318126410851 
0.974389849507324 0.000000000000000 -0.000000000000000 0.000000000000000 0.963853113250665 0.000000000000000 0.087814870536336 3.828570993958862 
0.973714051999217 0.000000000000000 0.000000000000000 0.000000000000000 0.941569779277158 0.000000000000000 0.094418002158114 3.784767552739624 
0.972984540187246 0.000000000000000 -0.000000000000000 0.000000000000000 0.919299000585115 0.000000000000000 0.101710653929036 3.741903789731648 
0.972195274478815 0.000000000000000 0.000000000000000 0.000000000000000 0.897043300243646 0.000000000000000 0.109786891172587 3.699975352994311 
0.971339314495133 0.000000000000000 -0.000000000000000 0.000000000000000 0.874805814546859 0.000000000000000 0.118756897561054 3.658977533389304 
0.970408649275482 0.000000000000000 0.000000000000000 0.000000000000000 0.852590470074210 0.000000000000000 0.128750340049674 3.618905253643803 
0.969393988873519 0.000000000000000 -0.000000000000000 0.000000000000000 0.830402220464212 0.000000000000000 0.139920564602667 3.579753070648087 
0.968284507351158 0.000000000000000 -0.000000000000000 0.000000000000000 0.808247366175495 0.000000000000000 0.152449856420230 3.541515200315561 
0.967067524509716 0.000000000000000 0.000000000000000 0.000000000000000 0.786133990589904 0.000000000000000 0.166556068781860 3.504185579835585 
0.965728110512491 0.000000000000000 0.000000000000000 0.000000000000000 0.764072560953514 0.000000000000000 0.182501014495600 3.467757990848201 
0.964248594025534 0.000000000000000 0.000000000000000 0.000000000000000 0.742076765193197 0.000000000000000 0.200601124730932 3.432226280995206 
0.962607951252618 0.000000000000000 0.000000000000000 0.000000000000000 0.720164689303282 0.000000000000000 0.221241007212917 3.397584743617079 
0.960781051886546 0.000000000000000 0.000000000000000 0.000000000000000 0.698360490319023 0.000000000000000 0.244890659241146 3.363828751091529 
0.958737742308965 0.000000000000000 -0.000000000000000 0.000000000000000 0.676696793676952 0.000000000000000 0.272127153288691 3.330955794180548 
0.956441764651085 0.000000000000000 -0.000000000000000 0.000000000000000 0.655218148746926 0.000000000000000 0.303661472397150 3.298967168477668 
0.953849559955263 0.000000000000000 -0.000000000000000 0.000000000000000 0.633986014046610 0.000000000000000 0.340370506905840 3.267870681645960 
0.950909119052804 0.000000000000000 -0.000000000000000 0.000000000000000 0.613085891422937 0.000000000000000 0.383332347409499 3.237684934715748 
0.947559287807202 0.000000000000000 0.000000000000000 0.000000000000000 0.592637287342303 0.000000000000000 0.433858582940571 3.208445917302902 
0.943730394843081 0.000000000000000 -0.000000000000000 0.000000000000000 0.572806855319021 0.000000000000000 0.493508110768964 3.180216673028368 
0.939347811826787 0.000000000000000 0.000000000000000 0.000000000000000 0.553823667267392 0.000000000000000 0.564050577999834 3.153100119774547 
0.934340860397926 0.000000000000000 -0.000000000000000 0.000000000000000 0.535991843586792 0.000000000000000 0.647325914618430 3.127252637811687 
0.928659241816146 0.000000000000000 0.000000000000000 0.000000000000000 0.519688889127573 0.000000000000000 0.744938612128846 3.102890435073712 
0.922295469174552 0.000000000000000 0.000000000000000 0.000000000000000 0.505331535787888 0.000000000000000 0.857782588970418 3.080273412279373 
0.915303402469117 0.000000000000000 0.000000000000000 0.000000000000000 0.493298038392590 0.000000000000000 0.985560297706270 3.059652527044710 
0.907797036617213 0.000000000000000 -0.000000000000000 0.000000000000000 0.483829661476459 0.000000000000000 1.126627452686465 3.041191203363169 
0.899923792060335 0.000000000000000 0.000000000000000 0.000000000000000 0.476969580720095 0.000000000000000 1.278367425319488 3.024905897961519 
0.891827873580805 0.000000000000000 0.000000000000000 0.000000000000000 0.472578949111295 0.000000000000000 1.437875629036989 3.010666138296438 
0.883625031134046 0.000000000000000 0.000000000000000 0.000000000000000 0.470407974440509 0.000000000000000 1.602527806758277 2.998244937693097 
0.875395391142935 0.000000000000000 -0.000000000000000 0.000000000000000 0.470171020030790 0.000000000000000 1.770229317916375 2.987379235974565 
0.867187910106091 0.000000000000000 -0.000000000000000 0.000000000000000 0.471596217263779 0.000000000000000 1.939416079813320 2.977812664394708 
0.859028466136600 0.000000000000000 -0.000000000000000 0.000000000000000 0.474448220707625 0.000000000000000 2.108949273874781 2.969316538351792 
0.850927297433916 0.000000000000000 -0.000000000000000 0.000000000000000 0.478533779855625 0.000000000000000 2.277995720451393 2.961695964570779 
0.842884555161861 0.000000000000000 -0.000000000000000 0.000000000000000 0.483699055383465 0.000000000000000 2.445929425595280 2.954788402818927 
0.834894090402656 0.000000000000000 0.000000000000000 0.000000000000000 0.489824010513530 0.000000000000000 2.612260122809084 2.948459342643437 
0.826945939992307 0.000000000000000 0.000000000000000 0.000000000000000 0.496816416068227 0.000000000000000 2.776584357164438 2.942597427457292 
0.819027944103685 0.000000000000000 0.000000000000000 0.000000000000000 0.504606454278936 0.000000000000000 2.938552992767329 2.937109992366729 
0.811126811420997 0.000000000000000 -0.000000000000000 0.000000000000000 0.513142178197988 0.000000000000000 3.097850079072639 2.931919314347719 
0.803228841516920 0.000000000000000 0.000000000000000 0.000000000000000 0.522385788131771 0.000000000000000 3.254179483924404 2.926959588368756 
0.795320437431148 0.000000000000000 -0.000000000000000 0.000000000000000 0.532310591306021 0.000000000000000 3.407256912490340 2.922174541094984 
0.787388490468215 0.000000000000000 -0.000000000000000 0.000000000000000 0.542898499827268 0.000000000000000 3.556805781798397 2.917515570950500 
0.779420686102157 0.000000000000000 -0.000000000000000 0.000000000000000 0.554137942099917 0.000000000000000 3.702555970637294 2.912940310635782 
0.771405758227967 0.000000000000000 0.000000000000000 0.000000000000000 0.566022091830944 0.000000000000000 3.844244794868048 2.908411524303605 
0.763333704612594 0.000000000000000 0.000000000000000 0.000000000000000 0.578547347749074 0.000000000000000 3.981619734400259 2.903896267925961 
0.755195966788251 0.000000000000000 0.000000000000000 0.000000000000000 0.591712022834607 0.000000000000000 4.114442508737564 2.899365255066619 
0.746985571497721 0.000000000000000 0.000000000000000 0.000000000000000 0.605515222809301 0.000000000000000 4.242494100405855 2.894792380859579 
0.738697227549770 0.000000000000000 0.000000000000000 0.000000000000000 0.619955909039665 0.000000000000000 4.365580291664196 2.890154364997501 
0.730327371295039 0.000000000000000 -0.000000000000000 0.000000000000000 0.635032150235306 0.000000000000000 4.483537239235140 2.885430480780382 
0.721874155623074 0.000000000000000 -0.000000000000000 0.000000000000000 0.650740570100554 0.000000000000000 4.596236591333637 2.880602342583102 
0.713337380947893 0.000000000000000 0.000000000000000 0.000000000000000 0.667075994801745 0.000000000000000 4.703589672330706 2.875653729108593 
0.704718371352932 0.000000000000000 0.000000000000000 0.000000000000000 0.684031295999749 0.000000000000000 4.805550334339301 2.870570424851367 
0.696019803953095 0.000000000000000 -0.000000000000000 0.000000000000000 0.701597414348547 0.000000000000000 4.902116200049682 2.865340067339922 
0.687245503620031 0.000000000000000 0.000000000000000 0.000000000000000 0.719763537321420 0.000000000000000 4.993328182074709 2.859951992722879 
0.678400217728666 0.000000000000000 0.000000000000000 0.000000000000000 0.738517396429564 0.000000000000000 5.079268336012225 2.854397076731076 
0.669489386132303 0.000000000000000 -0.000000000000000 0.000000000000000 0.757845644076218 0.000000000000000 5.160056259641994 2.848667571607833 
0.660518920230857 0.000000000000000 -0.000000000000000 0.000000000000000 0.777734270117784 0.000000000000000 5.235844365949513 2.842756942003414 
0.651495002214536 0.000000000000000 0.000000000000000 0.000000000000000 0.798169022268170 0.000000000000000 5.306812419886958 2.836659704035117 
0.642423912006294 0.000000000000000 -0.000000000000000 0.000000000000000 0.819135801575532 0.000000000000000 5.373161736725417 2.830371271869303 
0.633311885764478 0.000000000000000 -0.000000000000000 0.000000000000000 0.840621012762239 0.000000000000000 5.435109402443389 2.823887815572920 
0.624165006576108 0.000000000000000 -0.000000000000000 0.000000000000000 0.862611857779795 0.000000000000000 5.492882808712384 2.817206132934411 
0.614989125488188 0.000000000000000 0.000000000000000 0.000000000000000 0.885096568394892 0.000000000000000 5.546714712974621 2.810323536770329 
0.605789809391818 0.000000000000000 0.000000000000000 0.000000000000000 0.908064579388313 0.000000000000000 5.596838951890826 2.803237758130739 
0.596572311430730 0.000000000000000 -0.000000000000000 0.000000000000000 0.931506647852099 0.000000000000000 5.643486863939088 2.795946864927322 
0.587341559395320 0.000000000000000 -0.000000000000000 0.000000000000000 0.955414926275415 0.000000000000000 5.686884419479948 2.788449194879602 
0.578102157796689 0.000000000000000 0.000000000000000 0.000000000000000 0.979782997950325 0.000000000000000 5.727250015645219 2.780743301300109 
0.568858399813997 0.000000000000000 -0.000000000000000 0.000000000000000 1.004605883096302 0.000000000000000 5.764792867779644 2.772827910076450 
0.559614285928724 0.000000000000000 -0.000000000000000 0.000000000000000 1.029880023358827 0.000000000000000 5.799711916229632 2.764701886204749 
0.550373546698810 0.000000000000000 0.000000000000000 0.000000000000000 1.055603251278001 0.000000000000000 5.832195163893054 2.756364208328321 
0.541139667719911 0.000000000000000 0.000000000000000 0.000000000000000 1.081774750157992 0.000000000000000 5.862419363110638 2.747813949898184 
0.531915915336402 0.000000000000000 0.000000000000000 0.000000000000000 1.108395008639472 0.000000000000000 5.890549977645960 2.739050265758614 
0.522705362089730 0.000000000000000 -0.000000000000000 0.000000000000000 1.135465773260247 0.000000000000000 5.916741354713441 2.730072383152405 
0.513510911227485 0.000000000000000 -0.000000000000000 0.000000000000000 1.162990001422183 0.000000000000000 5.941137051872032 2.720879596320037 
0.504335319852615 0.000000000000000 -0.000000000000000 0.000000000000000 1.190971816471418 0.000000000000000 5.963870273205130 2.711471264027319 
0.495181220480682 0.000000000000000 -0.000000000000000 0.000000000000000 1.219416466034962 0.000000000000000 5.985064378010573 2.701846809494053 
0.486051140907210 0.000000000000000 -0.000000000000000 0.000000000000000 1.248330284320954 0.000000000000000 6.004833432972791 2.692005722312491 
0.476947522378356 0.000000000000000 0.000000000000000 0.000000000000000 1.277720658763723 0.000000000000000 6.023282785390883 2.681947562038543 
0.467872736117286 0.000000000000000 -0.000000000000000 0.000000000000000 1.307596001155189 0.000000000000000 6.040509640527286 2.671671963214428 
0.458829098293607 0.000000000000000 -0.000000000000000 0.000000000000000 1.337965723234477 0.000000000000000 6.056603630613628 2.661178641641419 
0.449818883540849 0.000000000000000 -0.000000000000000 0.000000000000000 1.368840216591489 0.000000000000000 6.071647366627311 2.650467401766792 
0.440844337132300 0.000000000000000 0.000000000000000 0.000000000000000 1.400230836665558 0.000000000000000 6.085716966769330 2.639538145082550 
0.431907685922498 0.000000000000000 0.000000000000000 0.000000000000000 1.432149890575535 0.000000000000000 6.098882557753859 2.628390879458331 
0.423011148152467 0.000000000000000 0.000000000000000 0.000000000000000 1.464610628498843 0.000000000000000 6.111208746683961 2.617025729344718 
0.414156942204640 0.000000000000000 0.000000000000000 0.000000000000000 1.497627238312762 0.000000000000000 6.122755062533264 2.605442946792607 
0.405347294378626 0.000000000000000 0.000000000000000 0.000000000000000 1.531214843222732 0.000000000000000 6.133576367168909 2.593642923235230 
0.396584445743792 0.000000000000000 -0.000000000000000 0.000000000000000 1.565389502121901 0.000000000000000 6.143723236505092 2.581626201976325 
0.387870658109711 0.000000000000000 -0.000000000000000 0.000000000000000 1.600168212451899 0.000000000000000 6.153242312830014 2.569393491320436 
0.379208219142222 0.000000000000000 0.000000000000000 0.000000000000000 1.635568915361556 0.000000000000000 6.162176629647037 2.556945678271910 
0.370599446642240 0.000000000000000 -0.000000000000000 0.000000000000000 1.671610502983645 0.000000000000000 6.170565910551121 2.544283842719314 
0.362046691998038 0.000000000000000 -0.000000000000000 0.000000000000000 1.708312827661986 0.000000000000000 6.178446843755000 2.531409272014099 
0.353552342820489 0.000000000000000 -0.000000000000000 0.000000000000000 1.745696712954657 0.000000000000000 6.185853333904575 2.518323475850392 
0.345118824776777 0.000000000000000 -0.000000000000000 0.000000000000000 1.783783966199451 0.000000000000000 6.192816732806303 2.505028201361780 
0.336748602651506 0.000000000000000 0.000000000000000 0.000000000000000 1.822597392346595 0.000000000000000 6.199366050634070 2.491525448370205 
0.328444180686863 0.000000000000000 -0.000000000000000 0.000000000000000 1.862160808618668 0.000000000000000 6.205528149109965 2.477817484765614 
0.320208102284419 0.000000000000000 0.000000000000000 0.000000000000000 1.902499059339907 0.000000000000000 6.211327918065985 2.463906862054575 
0.312042949190149 0.000000000000000 0.000000000000000 0.000000000000000 1.943638029964966 0.000000000000000 6.216788436699681 2.449796431205842 
0.303951340328227 0.000000000000000 -0.000000000000000 0.000000000000000 1.985604658923847 0.000000000000000 6.221931120743388 2.435489359031649 
0.295935930494587 0.000000000000000 0.000000000000000 0.000000000000000 2.028426945376179 0.000000000000000 6.226775856676858 2.420989145478186 
0.287999409162189 0.000000000000000 -0.000000000000000 0.000000000000000 2.072133950340699 0.000000000000000 6.231341124031988 2.406299642346625 
0.280144499679492 0.000000000000000 0.000000000000000 0.000000000000000 2.116755787950654 0.000000000000000 6.235644106763259 2.391425074113971 
0.272373959153626 0.000000000000000 -0.000000000000000 0.000000000000000 2.162323602816498 0.000000000000000 6.239700794601102 2.376370061655156 
0.264690579291770 0.000000000000000 0.000000000000000 0.000000000000000 2.208869528705064 0.000000000000000 6.243526075252151 2.361139649757146 
0.257097188421006 0.000000000000000 0.000000000000000 0.000000000000000 2.256426623036841 0.000000000000000 6.247133818274214 2.345739339339817 
0.249596654812923 0.000000000000000 0.000000000000000 0.000000000000000 2.305028771146212 0.000000000000000 6.250536951423733 2.330175125225938 
0.242191891302380 0.000000000000000 -0.000000000000000 0.000000000000000 2.354710553940457 0.000000000000000 6.253747530246811 2.314453540109649 
0.234885861013293 0.000000000000000 -0.000000000000000 0.000000000000000 2.405507072631249 0.000000000000000 6.256776801665678 2.298581705040048 
0.227681583795452 0.000000000000000 -0.000000000000000 0.000000000000000 2.457453724699379 0.000000000000000 6.259635262282888 2.282567386253405 
0.220582142749632 0.000000000000000 0.000000000000000 0.000000000000000 2.510585926270074 0.000000000000000 6.262332712096085 2.266419057558171 
0.213590689992448 0.000000000000000 -0.000000000000000 0.000000000000000 2.564938777682890 0.000000000000000 6.264878304271075 2.250145966726326 
0.206710450610904 0.000000000000000 -0.000000000000000 0.000000000000000 2.620546671259878 0.000000000000000 6.267280591564621 2.233758203505257 
