X(LU)   Y(LU)   Z(LU)   Vx(VU)   Vy(VU)   Vz(VU)   T(TU)  C
0.862843628642229 -0.000000000000000 -0.072083124209308 -0.000000000010206 0.605909354299055 0.000000000011196 11.386845645616866 2.796113761353984 
0.862601293780893 -0.000000000000000 -0.070635768703790 -0.007438702138038 0.606900149181565 0.008048669029781 11.381985856013136 2.795888117415227 
0.862425025062611 -0.000000000000000 -0.070794538327584 -0.014852883404270 0.606645556628712 0.016051914823480 11.383767287155031 2.795681121134801 
0.862133997412737 0.000000000000000 -0.071056751614055 -0.022219159339966 0.606228505069702 0.023966458278789 11.386706912585911 2.795338692663894 
0.861732140669888 0.000000000000000 -0.071418977147560 -0.029516002575590 0.605659328618774 0.031752751491769 11.390762676176022 2.794864489989789 
0.861224589553001 0.000000000000000 -0.071876727195385 -0.036724497224428 0.604951451158978 0.039376411270465 11.395879516781507 2.794263286983447 
0.860617382667461 0.000000000000000 -0.072424717249247 -0.043828776110524 0.604120534346454 0.046809074330981 11.401992503415574 2.793540689004322 
0.859917150725594 -0.000000000000000 -0.073057135138737 -0.050816199046977 0.603183600263670 0.054028734037523 11.409030088920897 2.792702838811817 
0.859130824788770 -0.000000000000000 -0.073767893254673 -0.057677305851666 0.602158217570999 0.061019625779850 11.416917163108835 2.791756141974497 
0.858265385378738 -0.000000000000000 -0.074550845946794 -0.064405599024712 0.601061810737312 0.067771771079138 11.425577688738871 2.790707031428923 
0.857327662792650 -0.000000000000000 -0.075399963180606 -0.070997216830438 0.599911121070370 0.074280302722491 11.434936812061899 2.789561780808874 
0.856324190201178 0.000000000000000 -0.076309459037621 -0.077450551921742 0.598721822643667 0.080544682393813 11.444922429974836 2.788326367850607 
0.855261105131465 0.000000000000000 -0.077273878775936 -0.083765858889538 0.597508278801942 0.086567898839879 11.455466257703117 2.787006383534409 
0.854144091710066 -0.000000000000000 -0.078288150939280 -0.089944880732133 0.596283415665086 0.092355707636210 11.466504474486843 2.785606979608660 
0.852978354976611 -0.000000000000000 -0.079347611918372 -0.095990512126113 0.595058686193258 0.097915949014889 11.477978036016246 2.784132846185649 
0.851768618932850 -0.000000000000000 -0.080448010080835 -0.101906507888981 0.593844099695674 0.103257960807254 11.489832739041253 2.782588211478161 
0.850519141100851 -0.000000000000000 -0.081585495638094 -0.107697238391524 0.592648295209389 0.108392089895824 11.502019112369361 2.780976856833419 
0.849233737754392 0.000000000000000 -0.082756601238999 -0.113367489540600 0.591478641502181 0.113329296999489 11.514492194348898 2.779302141560970 
0.847915815362609 -0.000000000000000 -0.083958217106797 -0.118922302722102 0.590341350695902 0.118080844962856 11.527211242895822 2.777567033367073 
0.846568404994362 -0.000000000000000 -0.085187563507507 -0.124366849178852 0.589241596207777 0.122658058802855 11.540139411757952 2.775774141358743 
0.845194197419173 -0.000000000000000 -0.086442162493825 -0.129706333212840 0.588183628709155 0.127072145583463 11.553243416579258 2.773925749516099 
0.843795577405281 0.000000000000000 -0.087719810218178 -0.134945918985522 0.587170886103653 0.131334063002572 11.566493206482054 2.772023849252137 
0.842374656283394 -0.000000000000000 -0.089018550623751 -0.140090676298875 0.586206095217948 0.135454426870196 11.579861651036678 2.770070170212103 
0.840933302251980 -0.000000000000000 -0.090336650972628 -0.145145541422066 0.585291364092034 0.139443449111094 11.593324248277067 2.768066208845280 
0.839473168181141 -0.000000000000000 -0.091672579432820 -0.150115289694063 0.584428264562214 0.143310899351778 11.606858856524315 2.766013254542030 
0.837995716860737 0.000000000000000 -0.093024984779057 -0.155004517237189 0.583617905353688 0.147066084445009 11.620445450792422 2.763912413304227 
0.836502243758289 -0.000000000000000 -0.094392678164429 -0.159817629640573 0.582860996212722 0.150717841415224 11.634065903320757 2.761764629024883 
0.834993897423801 0.000000000000000 -0.095774616853710 -0.164558835913702 0.582157903783169 0.154274540254019 11.647703786996804 2.759570702518150 
0.833471697717905 -0.000000000000000 -0.097169889777631 -0.169232146373645 0.581508700005734 0.157744093777981 11.661344200024233 2.757331308474332 
0.831936552055796 -0.000000000000000 -0.098577704749800 -0.173841373423228 0.580913203832983 0.161133972391231 11.674973609989001 2.755047010528313 
0.830389269862263 0.000000000000000 -0.099997377187550 -0.178390134413435 0.580371017024693 0.164451222102483 11.688579715445030 2.752718274629437 
0.828830575426140 0.000000000000000 -0.101428320180113 -0.182881855969583 0.579881554740489 0.167702484543629 11.702151323182285 2.750345480894213 
0.827261119331678 -0.000000000000000 -0.102870035759953 -0.187319779307796 0.579444071583574 0.170894018052844 11.715678239455533 2.747928934110071 
0.825681488629021 0.000000000000000 -0.104322107240370 -0.191706966182624 0.579057683687362 0.174031719125505 11.729151173574106 2.745468873045160 
0.824092215892247 -0.000000000000000 -0.105784192498248 -0.196046305196093 0.578721387368594 0.177121143726400 11.742561652406046 2.742965478704227 
0.822493787297275 0.000000000000000 -0.107256018090982 -0.200340518266826 0.578434074810965 0.180167528101030 11.755901944492392 2.740418881655680 
0.820886649838946 0.000000000000000 -0.108737374109905 -0.204592167111358 0.578194547183612 0.183175808833088 11.769164992608790 2.737829168542166 
0.819271217791649 0.000000000000000 -0.110228109680289 -0.208803659629667 0.578001525549995 0.186150641977484 11.782344353735670 2.735196387874359 
0.817647878507946 -0.000000000000000 -0.111728129033122 -0.212977256118542 0.577853659871003 0.189096421163865 11.795434145531171 2.732520555195973 
0.816016997636884 0.000000000000000 -0.113237388077155 -0.217115075259594 0.577749536369437 0.192017294607935 11.808428998494280 2.729801657698963 
0.814378923834806 -0.000000000000000 -0.114755891411491 -0.221219099846234 0.577687683483759 0.194917181004420 11.821324013115417 2.727039658358592 
0.812733993033263 0.000000000000000 -0.116283689725353 -0.225291182228331 0.577666576607096 0.197799784299631 11.834114721392647 2.724234499650129 
0.811082532319862 0.000000000000000 -0.117820877536564 -0.229333049462351 0.577684641781549 0.200668607357810 11.846797052170906 2.721386106902822 
0.809424863482174 0.000000000000000 -0.119367591228273 -0.233346308163005 0.577740258491697 0.203526964548742 11.859367299831735 2.718494391340044 
0.807761306257903 0.000000000000000 -0.120924007345575 -0.237332449057818 0.577831761682907 0.206377993290199 11.871822095918995 2.715559252850053 
0.806092181330129 0.000000000000000 -0.122490341121159 -0.241292851250364 0.577957443109849 0.209224664585184 11.884158383344461 2.712580582526408 
0.804417813100696 -0.000000000000000 -0.124066845200356 -0.245228786200658 0.578115552107919 0.212069792594714 11.896373392861404 2.709558265013689 
0.802738532271344 -0.000000000000000 -0.125653808540218 -0.249141421433924 0.578304295866477 0.214916043288337 11.908464621535261 2.706492180690036 
0.801054678258501 0.000000000000000 -0.127251555461116 -0.253031823990079 0.578521839271090 0.217765942214042 11.920429812980938 2.703382207715417 
0.799366601463508 -0.000000000000000 -0.128860444830576 -0.256900963627317 0.578766304375156 0.220621881427711 11.932266939166594 2.700228223970851 
0.797674665418455 -0.000000000000000 -0.130480869362095 -0.260749715794444 0.579035769550991 0.223486125620305 11.943974183608873 2.697030108912516 
0.795979248823530 -0.000000000000000 -0.132113255012487 -0.264578864386462 0.579328268367498 0.226360817478303 11.955549925812539 2.693787745361392 
0.794280747491458 -0.000000000000000 -0.133758060465483 -0.268389104298384 0.579641788231960 0.229247982311747 11.966992726828073 2.690501021247984 
0.792579576210225 0.000000000000000 -0.135415776687048 -0.272181043792405 0.579974268834652 0.232149531979559 11.978301315816118 2.687169831329438 
0.790876170535729 0.000000000000000 -0.137086926541884 -0.275955206693799 0.580323600426570 0.235067268141189 11.989474577523618 2.683794078895632 
0.789170988522147 0.000000000000000 -0.138772064460651 -0.279712034430163 0.580687621962044 0.238002884859890 12.000511540595971 2.680373677478475 
0.787464512398193 0.000000000000000 -0.140471776147670 -0.283451887929542 0.581064119132923 0.240957970581456 12.011411366650034 2.676908552578797 
0.785757250194281 -0.000000000000000 -0.142186678319458 -0.287175049392514 0.581450822322621 0.243934009508994 12.022173340051367 2.673398643423253 
0.784049737325896 0.000000000000000 -0.143917418466376 -0.290881723953196 0.581845404504156 0.246932382393970 12.032796858344874 2.669843904763282 
0.782342538135567 0.000000000000000 -0.145664674626597 -0.294572041244858 0.582245479109984 0.249954366759888 12.043281423290933 2.666244308727484 
0.780636247396386 0.000000000000000 -0.147429155166745 -0.298246056885212 0.582648597896605 0.253001136576572 12.053626632474558 2.662599846737158 
0.778931491777430 -0.000000000000000 -0.149211598557854 -0.301903753897784 0.583052248831684 0.256073761398736 12.063832171448418 2.658910531495656 
0.777228931270527 0.000000000000000 -0.151012773139117 -0.305545044085330 0.583453854030608 0.259173204984176 12.073897806384483 2.655176399059510 
0.775529260578598 0.000000000000000 -0.152833476862305 -0.309169769372053 0.583850767766583 0.262300323406263 12.083823377209907 2.651397511000254 
0.773833210460720 0.000000000000000 -0.154674537003959 -0.312777703132398 0.584240274588482 0.265455862673986 12.093608791202309 2.647573956664005 
0.772141549032520 -0.000000000000000 -0.156536809839753 -0.316368551524296 0.584619587571513 0.268640455875499 12.103254017028959 2.643705855535524 
0.770455083016393 0.000000000000000 -0.158421180269683 -0.319941954845904 0.584985846734383 0.271854619860649 12.112759079212630 2.639793359712336 
0.768774658934613 -0.000000000000000 -0.160328561382449 -0.323497488935787 0.585336117658773 0.275098751479656 12.122124053008633 2.635836656493249 
0.767101164240672 0.000000000000000 -0.162259893950668 -0.327034666637513 0.585667390341567 0.278373123397609 12.131349059681286 2.631835971085365 
0.765435528378335 -0.000000000000000 -0.164216145843987 -0.330552939349987 0.585976578321742 0.281677879506282 12.140434262170286 2.627791569430755 
0.763778723760785 -0.000000000000000 -0.166198311347961 -0.334051698687025 0.586260518118146 0.285013029958133 12.149379861133475 2.623703761154518 
0.762131766658542 -0.000000000000000 -0.168207410377711 -0.337530278268982 0.586515969019983 0.288378445851327 12.158186091362415 2.619572902632312 
0.760495717984461 -0.000000000000000 -0.170244487570583 -0.340987955671997 0.586739613274050 0.291773853597418 12.166853218557392 2.615399400175357 
0.758871683963893 -0.000000000000000 -0.172310611246537 -0.344423954559597 0.586928056710409 0.295198829009840 12.175381536458575 2.611183713327971 
0.757260816674904 -0.000000000000000 -0.174406872219481 -0.347837447023225 0.587077829855469 0.298652791155184 12.183771364323507 2.606926358270671 
0.755664314445148 -0.000000000000000 -0.176534382446898 -0.351227556157702 0.587185389575699 0.302134996016138 12.192023044746691 2.602627911319814 
0.754083422087742 0.000000000000000 -0.178694273499428 -0.354593358899061 0.587247121303420 0.305644530020669 12.200136941812131 2.598289012511769 
0.752519430962087 -0.000000000000000 -0.180887694837828 -0.357933889151109 0.587259341886622 0.309180303498967 12.208113439573436 2.593910369257371 
0.750973678838918 -0.000000000000000 -0.183115811877838 -0.361248141226988 0.587218303116284 0.312741044138109 12.215952940854688 2.589492760048218 
0.749447549554981 0.000000000000000 -0.185379803829870 -0.364535073631403 0.587120195970129 0.316325290510120 12.223655866363758 2.585037038195065 
0.747942472436036 0.000000000000000 -0.187680861295023 -0.367793613207445 0.586961155622064 0.319931385759874 12.231222654111628 2.580544135572695 
0.746459921471484 -0.000000000000000 -0.190020183603025 -0.371022659670643 0.586737267254514 0.323557471544433 12.238653759127908 2.576015066344332 
0.745001414221468 -0.000000000000000 -0.192398975877264 -0.374221090549466 0.586444572710836 0.327201482326547 12.245949653465154 2.571450930633387 
0.743568510438743 -0.000000000000000 -0.194818445812115 -0.377387766549556 0.586079078019059 0.330861140131041 12.253110826479590 2.566852918107212 
0.742162810386953 0.000000000000000 -0.197279800150943 -0.380521537353593 0.585636761812914 0.334533949881643 12.260137785381016 2.562222311432823 
0.740785952839777 -0.000000000000000 -0.199784240853101 -0.383621247865257 0.585113584666096 0.338217195443273 12.267031056036657 2.557560489561375 
0.739439612746233 -0.000000000000000 -0.202332960943000 -0.386685744899228 0.584505499347053 0.341907936499330 12.273791184017945 2.552868930794061 
0.738125498549187 -0.000000000000000 -0.204927140034076 -0.389713884313431 0.583808461991642 0.345603006401283 12.280418735874370 2.548149215578538 
0.736845349145901 0.000000000000000 -0.207567939527763 -0.392704538571152 0.583018444179780 0.349299011129463 12.286914300621008 2.543403028979946 
0.735600930484434 0.000000000000000 -0.210256497487130 -0.395656604714316 0.582131445885393 0.352992329506590 12.293278491419517 2.538632162770657 
0.734394031791477 -0.000000000000000 -0.212993923194136 -0.398569012717791 0.581143509256205 0.356679114805383 12.299511947436349 2.533838517077346 
0.733226461432201 -0.000000000000000 -0.215781291400903 -0.401440734186940 0.580050733163348 0.360355297887531 12.305615335855336 2.529024101523868 
0.732100042405878 0.000000000000000 -0.218619636293101 -0.404270791348207 0.578849288444533 0.364016592008099 12.311589354024372 2.524191035806068 
0.731016607489319 0.000000000000000 -0.221509945190118 -0.407058266272814 0.577535433741872 0.367658499406767 12.317434731710186 2.519341549636168 
0.729977994042930 0.000000000000000 -0.224453152012678 -0.409802310261788 0.576105531821506 0.371276319795631 12.323152233435277 2.514477981994982 
0.728986038500833 -0.000000000000000 -0.227450130556397 -0.412502153308502 0.574556066241946 0.374865160840609 12.328742660870272 2.509602779630420 
0.728042570576605 0.000000000000000 -0.230501687617290 -0.415157113545497 0.572883658213892 0.378419950704143 12.334206855248492 2.504718494750626 
0.727149407214409 -0.000000000000000 -0.233608556021344 -0.417766606569293 0.571085083491493 0.381935452704516 12.339545699774837 2.499827781855955 
0.726308346334001 0.000000000000000 -0.236771387620749 -0.420330154529680 0.569157289096906 0.385406282105715 12.344760121991685 2.494933393672621 
0.725521160416261 -0.000000000000000 -0.239990746325401 -0.422847394859150 0.567097409681855 0.388826925027265 12.349851096069102 2.490038176151833 
0.724789589983148 0.000000000000000 -0.243267101241203 -0.425318088514087 0.564902783317709 0.392191759428977 12.354819644981312 2.485145062510014 
0.724115337039527 -0.000000000000000 -0.246600820000442 -0.427742127592497 0.562570966482631 0.395495078077880 12.359666842533066 2.480257066303830 
0.723500058538294 -0.000000000000000 -0.249992162365884 -0.430119542192229 0.560099748032480 0.398731113377351 12.364393815200319 2.475377273538277 
0.722945359947352 -0.000000000000000 -0.253441274198590 -0.432450506375897 0.557487161919291 0.401894063883495 12.369001743742873 2.470508833832469 
0.722452788990268 -0.000000000000000 -0.256948181881615 -0.434735343109319 0.554731498444497 0.404978122302254 12.373491864558751 2.465654950674149 
0.722023829645865 0.000000000000000 -0.260512787286598 -0.436974528053630 0.551831313826076 0.407977504710695 12.377865470736420 2.460818870823876 
0.721659896476331 -0.000000000000000 -0.264134863373958 -0.439168692095632 0.548785437902848 0.410886480722468 12.382123912782408 2.456003872928468 
0.721362329371779 0.000000000000000 -0.267814050509391 -0.441318622521978 0.545592979787534 0.413699404264536 12.386268598985653 2.451213255442756 
0.721132388786098 -0.000000000000000 -0.271549853573915 -0.443425262757456 0.542253331325320 0.416410744615149 12.390300995394069 2.446450323963257 
0.720971251528068 0.000000000000000 -0.275341639934916 -0.445489710608681 0.538766168257865 0.419015117335739 12.394222625387041 2.441718378086930 
0.720880007185267 -0.000000000000000 -0.279188638335166 -0.447513214982430 0.535131448994354 0.421507314693867 12.398035068817272 2.437020697943210 
0.720859655231116 -0.000000000000000 -0.283089938744563 -0.449497171068433 0.531349410963079 0.423882335189396 12.401739960718832 2.432360530538091 
0.720911102859976 0.000000000000000 -0.287044493201145 -0.451443114008163 0.527420564552912 0.426135411793942 12.405338989576249 2.427741076062555 
0.721035163598274 -0.000000000000000 -0.291051117657888 -0.453352711097446 0.523345684671278 0.428262038508796 12.408833895151677 2.423165474338941 
0.721232556698919 0.000000000000000 -0.295108494827495 -0.455227752597793 0.519125800037491 0.430257994906122 12.412226465889542 2.418636791547191 
0.721503907353447 0.000000000000000 -0.299215178006495 -0.457070141262495 0.514762180304395 0.432119368293416 12.415518535900858 2.414158007420476 
0.721849747692135 -0.000000000000000 -0.303369595838086 -0.458881880699750 0.510256321223788 0.433842573251667 12.418711981568242 2.409732003030743 
0.722270518581458 -0.000000000000000 -0.307570057961715 -0.460665062725471 0.505609928018327 0.435424368273095 12.421808717786989 2.405361549339658 
0.722766572172828 0.000000000000000 -0.311814761475291 -0.462421853871923 0.500824897223854 0.436861869332429 12.424810693886997 2.401049296627804 
0.723338175171920 0.000000000000000 -0.316101798129873 -0.464154481233978 0.495903297242596 0.438152560244851 12.427719889272602 2.396797764930823 
0.723985512770154 0.000000000000000 -0.320429162158872 -0.465865217843578 0.490847347892257 0.439294299749098 12.430538308828472 2.392609335573362 
0.724708693177810 -0.000000000000000 -0.324794758640298 -0.467556367767211 0.485659399233813 0.440285325298360 12.433267978141503 2.388486243880143 
0.725507752691545 0.000000000000000 -0.329196412277673 -0.469230251125632 0.480341909962451 0.441124253600279 12.435910938585423 2.384430573125635 
0.726382661216416 0.000000000000000 -0.333631876489242 -0.470889189222914 0.474897425651069 0.441810078011932 12.438469242326295 2.380444249749596 
0.727333328166286 -0.000000000000000 -0.338098842684828 -0.472535489971634 0.469328557114996 0.442342162934807 12.440944947295170 2.376529039858045 
0.728359608654112 0.000000000000000 -0.342594949621386 -0.474171433779420 0.463637959164054 0.442720235412360 12.443340112185721 2.372686546990455 
0.729461309899749 -0.000000000000000 -0.347117792723240 -0.475799260055232 0.457828309964614 0.442944374147929 12.445656791517608 2.368918211138990 
0.730638197763269 -0.000000000000000 -0.351664933265017 -0.477421154466375 0.451902291238629 0.443014996223842 12.447897030818702 2.365225308956012 
0.731890003339051 -0.000000000000000 -0.356233907319713 -0.479039237065253 0.445862569465739 0.442932841784389 12.450062861959946 2.361608955105248 
0.733216429529074 0.000000000000000 -0.360822234386607 -0.480655551375444 0.439711778253634 0.442698956997590 12.452156298686132 2.358070104666340 
0.734617157532103 -0.000000000000000 -0.365427425620878 -0.482272054510728 0.433452501995158 0.442314675594575 12.454179332371270 2.354609556510935 
0.736091853194427 -0.000000000000000 -0.370046991600603 -0.483890608376594 0.427087260895275 0.441781599283245 12.456133928023590 2.351227957562337 
0.737640173163628 0.000000000000000 -0.374678449577151 -0.485512971981685 0.420618497438594 0.441101577343795 12.458022020564369 2.347925807829002 
0.739261770805935 0.000000000000000 -0.379319330165899 -0.487140794868996 0.414048564323274 0.440276685684408 12.459845511394102 2.344703466115515 
0.740956301855883 0.000000000000000 -0.383967183444973 -0.488775611660108 0.407379713862154 0.439309205614295 12.461606265253469 2.341561156315876 
0.742723429759910 0.000000000000000 -0.388619584442604 -0.490418837682514 0.400614088846663 0.438201602602486 12.463306107390972 2.338498974170171 
0.744562830705844 0.000000000000000 -0.393274137999703 -0.492071765646812 0.393753714820387 0.436956505219773 12.464946821030811 2.335516894407511 
0.746474198320182 0.000000000000000 -0.397928483006011 -0.493735563320155 0.386800493712679 0.435576684473544 12.466530145141027 2.332614778173574 
0.748457248027458 0.000000000000000 -0.402580296013720 -0.495411272137426 0.379756198761759 0.434065033705204 12.468057772493859 2.329792380658002 
0.750511721077870 -0.000000000000000 -0.407227294239799 -0.497099806684871 0.372622470637816 0.432424549183084 12.469531348005102 2.327049358853008 
