X(LU)   Y(LU)   Z(LU)   Vx(VU)   Vy(VU)   Vz(VU)   T(TU)  C
0.500189831288398 0.865222356629076 0.000000000000000 0.006536614216113 -0.009879908921581 -0.000000000000000 6.582651916124523 2.987948898459380 
0.512205649085671 0.865222356629076 0.000000000000000 0.014075501810705 -0.020275550377013 0.000000000000000 6.582525044836237 2.987797030782203 
0.524003439335795 0.865222356629076 0.000000000000000 0.021409725679725 -0.030752758253565 0.000000000000000 6.582311484077162 2.987541165568340 
0.535585495403227 0.865222356629076 0.000000000000000 0.028536561345262 -0.041299990553967 0.000000000000000 6.582011661998191 2.987181467507694 
0.546954013961513 0.865222356629076 0.000000000000000 0.035454085117437 -0.051906035680045 0.000000000000000 6.581626177436338 2.986718168071497 
0.558111130574756 0.865222356629076 -0.000000000000000 0.042161123588310 -0.062560049958733 -0.000000000000000 6.581155794847513 2.986151563339794 
0.569058950678036 0.865222356629076 0.000000000000000 0.048657203356769 -0.073251591100967 -0.000000000000000 6.580601437656935 2.985482010933957 
0.579799575912675 0.865222356629076 -0.000000000000000 0.054942500834976 -0.083970647198935 0.000000000000000 6.579964180210481 2.984709926169062 
0.590335125876391 0.865222356629076 0.000000000000000 0.061017792135843 -0.094707660965961 -0.000000000000000 6.579245238534419 2.983835777556981 
0.600667755442797 0.865222356629076 0.000000000000000 0.066884403160912 -0.105453549035988 -0.000000000000000 6.578445960130534 2.982860081801028 
0.610799667887264 0.865222356629076 0.000000000000000 0.072544160099502 -0.116199716257598 0.000000000000000 6.577567813038179 2.981783398427009 
0.620733124123355 0.865222356629076 0.000000000000000 0.077999340611565 -0.126938065033789 0.000000000000000 6.576612374399296 2.980606324193900 
0.630470448406527 0.865222356629076 0.000000000000000 0.083252626003083 -0.137660999866752 0.000000000000000 6.575581318750088 2.979329487420991 
0.640014030897236 0.865222356629076 -0.000000000000000 0.088307054713976 -0.148361427362324 -0.000000000000000 6.574476406247539 2.977953542357775 
0.649366327496759 0.865222356629076 -0.000000000000000 0.093165977431373 -0.159032752027983 -0.000000000000000 6.573299471026501 2.976479163709436 
0.658529857373404 0.865222356629076 -0.000000000000000 0.097833014115072 -0.169668868259199 0.000000000000000 6.572052409849136 2.974907041415077 
0.667507198591480 0.865222356629076 -0.000000000000000 0.102312013187451 -0.180264148952009 -0.000000000000000 6.570737171190792 2.973237875759170 
0.676300982235438 0.865222356629076 -0.000000000000000 0.106607013093258 -0.190813431203804 0.000000000000000 6.569355744874422 2.971472372879589 
0.684913885398326 0.865222356629076 -0.000000000000000 0.110722206388722 -0.201311999573268 0.000000000000000 6.567910152343109 2.969611240719162 
0.693348623368034 0.865222356629076 -0.000000000000000 0.114661906465841 -0.211755567363341 -0.000000000000000 6.566402437633107 2.967655185451965 
0.701607941311214 0.865222356629076 -0.000000000000000 0.118430516971370 -0.222140256373800 -0.000000000000000 6.564834659087939 2.965604908401559 
0.709694605714824 0.865222356629076 -0.000000000000000 0.122032503932789 -0.232462575541858 0.000000000000000 6.563208881833062 2.963461103455946 
0.717611395807342 0.865222356629076 -0.000000000000000 0.125472370563058 -0.242719398855216 0.000000000000000 6.561527171011546 2.961224454973473 
0.725361095143573 0.865222356629076 0.000000000000000 0.128754634679971 -0.252907942882930 -0.000000000000000 6.559791585770722 2.958895636165235 
0.732946483501169 0.865222356629076 0.000000000000000 0.131883808646070 -0.263025744227972 -0.000000000000000 6.558004173971136 2.956475307932742 
0.740370329205435 0.865222356629076 -0.000000000000000 0.134864381712523 -0.273070637164243 -0.000000000000000 6.556166967587687 2.953964118134412 
0.747635381967411 0.865222356629076 0.000000000000000 0.137700804630612 -0.283040731678546 0.000000000000000 6.554281978756985 2.951362701250928 
0.754744366296488 0.865222356629076 0.000000000000000 0.140397476383971 -0.292934392100089 -0.000000000000000 6.552351196429683 2.948671678417199 
0.761699975524787 0.865222356629076 0.000000000000000 0.142958732885491 -0.302750216462870 0.000000000000000 6.550376583574996 2.945891657787499 
0.768504866462422 0.865222356629076 -0.000000000000000 0.145388837479971 -0.312487016713274 -0.000000000000000 6.548360074891177 2.943023235200289 
0.775161654687000 0.865222356629076 -0.000000000000000 0.147691973093412 -0.322143799845739 0.000000000000000 6.546303574969109 2.940066995109619 
0.781672910458377 0.865222356629076 0.000000000000000 0.149872235872782 -0.331719750023139 -0.000000000000000 6.544208956862397 2.937023511751266 
0.788041155239566 0.865222356629076 -0.000000000000000 0.151933630165054 -0.341214211716157 0.000000000000000 6.542078061015705 2.933893350513138 
0.794268858797306 0.865222356629076 0.000000000000000 0.153880064691019 -0.350626673876702 -0.000000000000000 6.539912694507898 2.930677069481423 
0.800358436851437 0.865222356629076 -0.000000000000000 0.155715349778409 -0.359956755145351 -0.000000000000000 6.537714630568304 2.927375221135743 
0.806312249236847 0.865222356629076 0.000000000000000 0.157443195526037 -0.369204190078952 -0.000000000000000 6.535485608325935 2.923988354168668 
0.812132598542068 0.865222356629076 0.000000000000000 0.159067210782140 -0.378368816375514 -0.000000000000000 6.533227332759926 2.920517015406945 
0.817821729184944 0.865222356629076 -0.000000000000000 0.160590902827283 -0.387450563064490 -0.000000000000000 6.530941474814350 2.916961751813561 
0.823381826888546 0.865222356629076 0.000000000000000 0.162017677663847 -0.396449439625990 -0.000000000000000 6.528629671651895 2.913323112551666 
0.828815018519370 0.865222356629076 -0.000000000000000 0.163350840821759 -0.405365525997446 0.000000000000000 6.526293527018454 2.909601651092988 
0.834123372252659 0.865222356629076 -0.000000000000000 0.164593598600260 -0.414198963424531 0.000000000000000 6.523934611695208 2.905797927354744 
0.839308898029318 0.865222356629076 -0.000000000000000 0.165749059672166 -0.422949946110167 0.000000000000000 6.521554464018317 2.901912509850689 
0.844373548271500 0.865222356629076 -0.000000000000000 0.166820236985737 -0.431618713615286 -0.000000000000000 6.519154590446461 2.897945977843075 
0.849319218828001 0.865222356629076 -0.000000000000000 0.167810049908271 -0.440205543965857 -0.000000000000000 6.516736466162061 2.893898923483798 
0.854147750117028 0.865222356629076 0.000000000000000 0.168721326558155 -0.448710747417406 0.000000000000000 6.514301535692193 2.889771953934601 
0.858860928440845 0.865222356629076 -0.000000000000000 0.169556806282565 -0.457134660831333 0.000000000000000 6.511851213537837 2.885565693457854 
0.863460487443247 0.865222356629076 0.000000000000000 0.170319142239930 -0.465477642613861 -0.000000000000000 6.509386884803344 2.881280785471837 
0.867948109685459 0.865222356629076 -0.000000000000000 0.171010904054131 -0.473740068170482 -0.000000000000000 6.506909905819742 2.876917894566516 
0.872325428315314 0.865222356629076 0.000000000000000 0.171634580510818 -0.481922325826544 -0.000000000000000 6.504421604758931 2.872477708479224 
0.876594028806566 0.865222356629076 -0.000000000000000 0.172192582271133 -0.490024813165687 0.000000000000000 6.501923282235352 2.867960940031891 
0.880755450746988 0.865222356629076 0.000000000000000 0.172687244582084 -0.498047933738550 -0.000000000000000 6.499416211897699 2.863368329034313 
0.884811189655617 0.865222356629076 -0.000000000000000 0.173120829966425 -0.505992094095368 0.000000000000000 6.496901641009935 2.858700644160442 
0.888762698816480 0.865222356629076 -0.000000000000000 0.173495530880107 -0.513857701104622 0.000000000000000 6.494380791025288 2.853958684803605 
0.892611391115524 0.865222356629076 -0.000000000000000 0.173813472324826 -0.521645159523374 0.000000000000000 6.491854858151140 2.849143282915593 
0.896358640880596 0.865222356629076 -0.000000000000000 0.174076714410473 -0.529354869801666 0.000000000000000 6.489325013904520 2.844255304828505 
0.900005785726261 0.865222356629076 -0.000000000000000 0.174287254860083 -0.536987226115789 0.000000000000000 6.486792405652171 2.839295653048869 
0.903554128416215 0.865222356629076 -0.000000000000000 0.174447031452977 -0.544542614646601 0.000000000000000 6.484258157117670 2.834265267999293 
0.907004938760750 0.865222356629076 -0.000000000000000 0.174557924399207 -0.552021412138700 0.000000000000000 6.481723368842250 2.829165129664938 
0.910359455579344 0.865222356629076 -0.000000000000000 0.174621758641571 -0.559423984803547 0.000000000000000 6.479189118564835 2.823996259078540 
0.913618888753309 0.865222356629076 -0.000000000000000 0.174640306072508 -0.566750687643632 -0.000000000000000 6.476656461484985 2.818759719554619 
0.916784421401260 0.865222356629076 0.000000000000000 0.174615287655480 -0.574001864295240 -0.000000000000000 6.474126430368041 2.813456617558980 
0.919857212200876 0.865222356629076 0.000000000000000 0.174548375433908 -0.581177847490629 -0.000000000000000 6.471600035442060 2.808088103080359 
0.922838397870349 0.865222356629076 -0.000000000000000 0.174441194408250 -0.588278960233044 0.000000000000000 6.469078264041769 2.802655369361298 
0.925729095803004 0.865222356629076 -0.000000000000000 0.174295324257941 -0.595305517752677 0.000000000000000 6.466562079961856 2.797159651848590 
0.928530406828496 0.865222356629076 0.000000000000000 0.174112300887252 -0.602257830269695 -0.000000000000000 6.464052422497467 2.791602226247061 
0.931243418042955 0.865222356629076 -0.000000000000000 0.173893617774947 -0.609136206525243 0.000000000000000 6.461550205175912 2.785984405606234 
0.933869205619233 0.865222356629076 -0.000000000000000 0.173640727113753 -0.615940957958527 -0.000000000000000 6.459056314212053 2.780307536441555 
0.936408837481714 0.865222356629076 -0.000000000000000 0.173355040738137 -0.622672403313514 0.000000000000000 6.456571606765741 2.774572993989204 
0.938863375703276 0.865222356629076 0.000000000000000 0.173037930852403 -0.629330873353686 -0.000000000000000 6.454096909118562 2.768782176813767 
0.941233878469371 0.865222356629076 -0.000000000000000 0.172690730591237 -0.635916715264505 0.000000000000000 6.451633014935442 2.762936501122927 
0.943521401451168 0.865222356629076 -0.000000000000000 0.172314734465172 -0.642430296235922 0.000000000000000 6.449180683813930 2.757037395283755 
0.945726998445946 0.865222356629076 0.000000000000000 0.171911198765752 -0.648872005659668 -0.000000000000000 6.446740640356206 2.751086295164911 
0.947851721180215 0.865222356629076 -0.000000000000000 0.171481342027273 -0.655242255359102 0.000000000000000 6.444313574013070 2.745084641033310 
0.949896618220433 0.865222356629076 -0.000000000000000 0.171026345655014 -0.661541477299284 0.000000000000000 6.441900139941454 2.739033876793637 
0.951862733009356 0.865222356629076 0.000000000000000 0.170547354839773 -0.667770118317001 -0.000000000000000 6.439500961089088 2.732935452358377 
0.953751101132136 0.865222356629076 -0.000000000000000 0.170045479878759 -0.673928631565446 0.000000000000000 6.437116631658809 2.726790829857952 
0.955562747000137 0.865222356629076 0.000000000000000 0.169521798004733 -0.680017464575317 -0.000000000000000 6.434747722024586 2.720601494239911 
0.957298680232755 0.865222356629076 -0.000000000000000 0.168977355800572 -0.686037044102248 0.000000000000000 6.432394785058369 2.714368968551508 
0.958959892095545 0.865222356629076 -0.000000000000000 0.168413172234867 -0.691987758234293 0.000000000000000 6.430058363701348 2.708094833859565 
0.960547352408825 0.865222356629076 -0.000000000000000 0.167830242298218 -0.697869936558041 0.000000000000000 6.427738999471222 2.701780753342726 
0.962062007371509 0.865222356629076 0.000000000000000 0.167229541155136 -0.703683829508180 0.000000000000000 6.425437241454470 2.695428499613855 
0.963504778739138 0.865222356629076 0.000000000000000 0.166612028654624 -0.709429588326778 -0.000000000000000 6.423153655193278 2.689039983819740 
0.964876564745377 0.865222356629076 0.000000000000000 0.165978653966743 -0.715107247303119 -0.000000000000000 6.420888830768910 2.682617284561050 
0.966178243067681 0.865222356629076 0.000000000000000 0.165330360045034 -0.720716710130452 -0.000000000000000 6.418643389295508 2.676162674217658 
0.967410675992542 0.865222356629076 -0.000000000000000 0.164668087550988 -0.726257742256534 0.000000000000000 6.416417987007455 2.669678639911703 
0.968574717775632 0.865222356629076 -0.000000000000000 0.163992777848284 -0.731729971021493 0.000000000000000 6.414213316159606 2.663167896139882 
0.969671223969575 0.865222356629076 -0.000000000000000 0.163305374654599 -0.737132895102146 0.000000000000000 6.412030102049777 2.656633386129328 
0.970701062279494 0.865222356629076 0.000000000000000 0.162606823969950 -0.742465904349247 -0.000000000000000 6.409869095657213 2.650078269253445 
0.971665124294316 0.865222356629076 0.000000000000000 0.161898071969947 -0.747728310495125 -0.000000000000000 6.407731061649637 2.643505892424885 
0.972564337248847 0.865222356629076 0.000000000000000 0.161180060658138 -0.752919388445393 -0.000000000000000 6.405616761829338 2.636919744268759 
0.973399674837089 0.865222356629076 -0.000000000000000 0.160453721218573 -0.758038427012416 0.000000000000000 6.403526934457814 2.630323392031682 
0.974172166055348 0.865222356629076 -0.000000000000000 0.159719965193949 -0.763084787084433 0.000000000000000 6.401462270281237 2.623720402518302 
0.974882901079129 0.865222356629076 0.000000000000000 0.158979673794186 -0.768057964412030 -0.000000000000000 6.399423386429463 2.617114249758893 
0.975533033329687 0.865222356629076 0.000000000000000 0.158233685827034 -0.772957653577167 -0.000000000000000 6.397410799639441 2.610508213426779 
0.976123777131801 0.865222356629076 -0.000000000000000 0.157482784897127 -0.777783809356803 0.000000000000000 6.395424900427792 2.603905273089906 
0.976656400662672 0.865222356629076 -0.000000000000000 0.156727686611843 -0.782536701648973 -0.000000000000000 6.393465929859785 2.597308004059102 
0.977132214266535 0.865222356629076 -0.000000000000000 0.155969026581085 -0.787216960459954 0.000000000000000 6.391533960442743 2.590718480767411 
0.977552554548222 0.865222356629076 -0.000000000000000 0.155207349955780 -0.791825608061063 0.000000000000000 6.389628882413527 2.584138193286662 
0.977918764989423 0.865222356629076 -0.000000000000000 0.154443103162890 -0.796364076293006 -0.000000000000000 6.387750396329063 2.577567981779981 
0.978232174065411 0.865222356629076 0.000000000000000 0.153676628345081 -0.800834207962101 -0.000000000000000 6.385898012451459 2.571007992550670 
0.978494071999052 0.865222356629076 -0.000000000000000 0.152908160847103 -0.805238242247204 0.000000000000000 6.384071057000592 2.564457658027551 
0.978705687332933 0.865222356629076 -0.000000000000000 0.152137829910555 -0.809578784873449 0.000000000000000 6.382268684978023 2.557915701722068 
0.978868164480085 0.865222356629076 0.000000000000000 0.151365662589725 -0.813858764459308 -0.000000000000000 6.380489898981828 2.551380168044787 
0.978982543309144 0.865222356629076 -0.000000000000000 0.150591590774011 -0.818081376828118 0.000000000000000 6.378733573250639 2.544848476012074 
0.979049741695600 0.865222356629076 0.000000000000000 0.149815461127834 -0.822250019224401 -0.000000000000000 6.376998482104336 2.538317495347445 
0.979070541826817 0.865222356629076 0.000000000000000 0.149037047720103 -0.826368216302601 -0.000000000000000 6.375283331966163 2.531783643291742 
0.979045580931138 0.865222356629076 -0.000000000000000 0.148256067119302 -0.830439539541302 0.000000000000000 6.373586796236510 2.525243000517169 
0.978975347006243 0.865222356629076 -0.000000000000000 0.147472195754146 -0.834467521442843 -0.000000000000000 6.371907552405504 2.518691444799273 
0.978860180071366 0.865222356629076 0.000000000000000 0.146685089377282 -0.838455565594926 -0.000000000000000 6.370244320910766 2.512124801419974 
0.978700279444666 0.865222356629076 0.000000000000000 0.145894404497355 -0.842406853469669 -0.000000000000000 6.368595905327979 2.505539009515025 
0.978495717546116 0.865222356629076 0.000000000000000 0.145099821650498 -0.846324248787329 -0.000000000000000 6.366961233505132 2.498930303608711 
0.978246460712888 0.865222356629076 0.000000000000000 0.144301070342942 -0.850210200426573 -0.000000000000000 6.365339399186068 2.492295409264043 
0.977952397472196 0.865222356629076 0.000000000000000 0.143497955406783 -0.854066645277792 -0.000000000000000 6.363729703496928 2.485631750984362 
0.977613374583614 0.865222356629076 -0.000000000000000 0.142690384344791 -0.857894913110013 0.000000000000000 6.362131695390992 2.478937669148832 
0.977229240915136 0.865222356629076 -0.000000000000000 0.141878395003489 -0.861695636471378 0.000000000000000 6.360545209751130 2.472212640771947 
0.976799898796627 0.865222356629076 -0.000000000000000 0.141062182599788 -0.865468669800334 0.000000000000000 6.358970401373489 2.465457496280314 
0.976325361879753 0.865222356629076 -0.000000000000000 0.140242124759746 -0.869213023198077 0.000000000000000 6.357407772531936 2.458674621414888 
0.975805817705352 0.865222356629076 0.000000000000000 0.139418802838616 -0.872926817503898 -0.000000000000000 6.355858191341153 2.451868130109351 
0.975241692175381 0.865222356629076 -0.000000000000000 0.138593017444371 -0.876607268167928 0.000000000000000 6.354322897799877 2.445043991256789 
0.974633712043818 0.865222356629076 0.000000000000000 0.137765795871017 -0.880250705597181 -0.000000000000000 6.352803494347310 2.438210090370077 
0.973982960533490 0.865222356629076 -0.000000000000000 0.136938389161947 -0.883852638792235 0.000000000000000 6.351301918156350 2.431376207132075 
0.973290920499236 0.865222356629076 0.000000000000000 0.136112256878670 -0.887407866902564 -0.000000000000000 6.349820393337081 2.424553892574254 
0.972559499433362 0.865222356629076 -0.000000000000000 0.135289038403445 -0.890910639661860 0.000000000000000 6.348361362779145 2.417756235738107 
0.971791031319246 0.865222356629076 -0.000000000000000 0.134470510776891 -0.894354862727555 -0.000000000000000 6.346927401445098 2.410997519189740 
0.970988251977222 0.865222356629076 0.000000000000000 0.133658534544910 -0.897734338283891 0.000000000000000 6.345521115287903 2.404292774897570 
0.970154247061509 0.865222356629076 -0.000000000000000 0.132854990664413 -0.901043025838589 -0.000000000000000 6.344145032210712 2.397657265001954 
0.969292374920518 0.865222356629076 -0.000000000000000 0.132061712886433 -0.904275304082355 -0.000000000000000 6.342801493132477 2.391105923473119 
0.968406169613707 0.865222356629076 -0.000000000000000 0.131280420896594 -0.907426213062198 0.000000000000000 6.341492551838225 2.384652801963790 
0.967499231845089 0.865222356629076 -0.000000000000000 0.130512659602532 -0.910491657333447 -0.000000000000000 6.340219891627690 2.378310564377039 
0.966575116925221 0.865222356629076 0.000000000000000 0.129759749261273 -0.913468555143465 0.000000000000000 6.338984764889994 2.372090069136436 
0.965637228804042 0.865222356629076 0.000000000000000 0.129022749745481 -0.916354925209002 -0.000000000000000 6.337787958965071 2.366000066904635 
0.964688727838269 0.865222356629076 -0.000000000000000 0.128302440468863 -0.919149910000693 0.000000000000000 6.336629788575751 2.360047026880482 
0.963732457610232 0.865222356629076 0.000000000000000 0.127599315670659 -0.921853741182949 0.000000000000000 6.335510112308911 2.354235089840377 
0.962770893388463 0.865222356629076 -0.000000000000000 0.126913593247358 -0.924467657901178 -0.000000000000000 6.334428368559267 2.348566133451991 
0.961806112199445 0.865222356629076 0.000000000000000 0.126245234293117 -0.926993791335746 0.000000000000000 6.333383625245399 2.343039926897107 
0.960839782444429 0.865222356629076 0.000000000000000 0.125593970075971 -0.929435029467032 -0.000000000000000 6.332374637445382 2.337654347946267 
0.959873169639310 0.865222356629076 -0.000000000000000 0.124959333210820 -0.931794874673749 0.000000000000000 6.331399907677026 2.332405635927380 
0.958907154295094 0.865222356629076 0.000000000000000 0.124340690217862 -0.934077304419743 -0.000000000000000 6.330457744583432 2.327288657237152 
0.957942257924108 0.865222356629076 -0.000000000000000 0.123737273234381 -0.936286642388197 0.000000000000000 6.329546316987900 2.322297164980450 
0.956978673611648 0.865222356629076 -0.000000000000000 0.123148209324021 -0.938427444689318 0.000000000000000 6.328663701452957 2.317424039634935 
0.956016298204440 0.865222356629076 -0.000000000000000 0.122572546418837 -0.940504403367500 0.000000000000000 6.327807922463829 2.312661502655902 
0.955054763876408 0.865222356629076 0.000000000000000 0.122009275433563 -0.942522267619951 -0.000000000000000 6.326976985113011 2.308001299070693 
0.954093467510595 0.865222356629076 0.000000000000000 0.121457348475959 -0.944485781894776 -0.000000000000000 6.326168900680519 2.303434848220429 
0.953131596879164 0.865222356629076 0.000000000000000 0.120915693319070 -0.946399639239390 -0.000000000000000 6.325381705816186 2.298953363982907 
0.952168153074699 0.865222356629076 -0.000000000000000 0.120383224469991 -0.948268447913774 0.000000000000000 6.324613476180152 2.294547947092723 
0.951201968967691 0.865222356629076 -0.000000000000000 0.119858851241648 -0.950096709165725 0.000000000000000 6.323862335438701 2.290209652854752 
0.950231723687935 0.865222356629076 -0.000000000000000 0.119341483253893 -0.951888804133129 0.000000000000000 6.323126460470213 2.285929537763738 
0.949255953287906 0.865222356629076 -0.000000000000000 0.118830033786146 -0.953648988033001 0.000000000000000 6.322404083563757 2.281698688435917 
0.948273057810900 0.865222356629076 -0.000000000000000 0.118323421360177 -0.955381390001661 0.000000000000000 6.321693492288396 2.277508236021560 
0.947281305039720 0.865222356629076 0.000000000000000 0.117820569897592 -0.957090017201354 -0.000000000000000 6.320993027618290 2.273349358909394 
0.946278831201708 0.865222356629076 0.000000000000000 0.117320407746299 -0.958778762018590 -0.000000000000000 6.320301080798103 2.269213276187848 
0.945263638907104 0.865222356629076 0.000000000000000 0.116821865833299 -0.960451411380603 -0.000000000000000 6.319616089356985 2.265091233985625 
0.944233592575625 0.865222356629076 0.000000000000000 0.116323875160692 -0.962111657364709 -0.000000000000000 6.318936532607089 2.260974486540755 
0.943186411601291 0.865222356629076 0.000000000000000 0.115825363837906 -0.963763108403968 -0.000000000000000 6.318260926916066 2.256854273619843 
0.942119661503916 0.865222356629076 -0.000000000000000 0.115325253826877 -0.965409300478890 0.000000000000000 6.317587821003886 2.252721795760220 
0.941030743316911 0.865222356629076 -0.000000000000000 0.114822457562749 -0.967053707721002 0.000000000000000 6.316915791494734 2.248568188756078 
0.939916881493070 0.865222356629076 -0.000000000000000 0.114315874616412 -0.968699751867287 0.000000000000000 6.316243438951274 2.244384498828501 
0.938775110678740 0.865222356629076 0.000000000000000 0.113804388586729 -0.970350809992025 -0.000000000000000 6.315569384626239 2.240161660020665 
0.937602261764083 0.865222356629076 0.000000000000000 0.113286864416771 -0.972010219844250 -0.000000000000000 6.314892268189774 2.235890475620254 
0.936394947803652 0.865222356629076 -0.000000000000000 0.112762146400911 -0.973681282078191 0.000000000000000 6.314210746735452 2.231561605676102 
0.935149550506546 0.865222356629076 -0.000000000000000 0.112229057155283 -0.975367258437662 0.000000000000000 6.313523495412444 2.227165563236550 
0.933862208364985 0.865222356629076 0.000000000000000 0.111686397967109 -0.977071364908683 -0.000000000000000 6.312829210112372 2.222692722380943 
0.932528807675805 0.865222356629076 0.000000000000000 0.111132950937487 -0.978796758485299 -0.000000000000000 6.312126612706870 2.218133342036466 
0.931144978293577 0.865222356629076 -0.000000000000000 0.110567483535094 -0.980546516130927 0.000000000000000 6.311414459436970 2.213477610241195 
0.929706096365720 0.865222356629076 -0.000000000000000 0.109988756226178 -0.982323604140989 0.000000000000000 6.310691553140141 2.208715714649942 
0.928207297010550 0.865222356629076 0.000000000000000 0.109395534019601 -0.984130835961022 -0.000000000000000 6.309956760093255 2.203837946027618 
0.926643500626295 0.865222356629076 -0.000000000000000 0.108786602885526 -0.985970816336180 0.000000000000000 6.309209032309286 2.198834842475670 
0.925009457320324 0.865222356629076 -0.000000000000000 0.108160792110428 -0.987845869637095 0.000000000000000 6.308447436132860 2.193697382884578 
0.923299814739257 0.865222356629076 0.000000000000000 0.107517003701133 -0.989757950415811 -0.000000000000000 6.307671187890562 2.188417238324621 
0.921509215233895 0.865222356629076 -0.000000000000000 0.106854249904421 -0.991708534835732 0.000000000000000 6.306879697122948 2.182987089359123 
0.919632428553510 0.865222356629076 -0.000000000000000 0.106171699677916 -0.993698492714450 0.000000000000000 6.306072617477391 2.177401015093430 
0.917664525839067 0.865222356629076 0.000000000000000 0.105468734462707 -0.995727941709199 -0.000000000000000 6.305249904618812 2.171654955492941 
0.915601099249527 0.865222356629076 -0.000000000000000 0.104745012830158 -0.997796087873654 0.000000000000000 6.304411879465103 2.165747241379218 
0.913438528499778 0.865222356629076 -0.000000000000000 0.104000542336240 -0.999901060300205 0.000000000000000 6.303559293645243 2.159679176257848 
0.911174290711641 0.865222356629076 -0.000000000000000 0.103235755321129 -1.002039751868622 0.000000000000000 6.302693392395731 2.153455640527374 
0.908807302956498 0.865222356629076 -0.000000000000000 0.102451583432363 -1.004207682642618 0.000000000000000 6.301815968322911 2.147085672699342 
0.906338278071993 0.865222356629076 0.000000000000000 0.101649523621194 -1.006398906452244 -0.000000000000000 6.300929397904179 2.140582965996870 
0.903770064605125 0.865222356629076 0.000000000000000 0.100831686602596 -1.008605983373638 -0.000000000000000 6.300036651753131 2.133966205684149 
0.901107932959283 0.865222356629076 0.000000000000000 0.100000817913934 -1.010820039951731 -0.000000000000000 6.299141270072050 2.127259167075408 
0.898359764189351 0.865222356629076 0.000000000000000 0.099160282194948 -1.013030933728690 -0.000000000000000 6.298247296792814 2.120490501306307 
0.895536098319540 0.865222356629076 -0.000000000000000 0.098314003753493 -1.015227528786719 0.000000000000000 6.297359169849885 2.113693158524628 
0.892650007357672 0.865222356629076 0.000000000000000 0.097466360792376 -1.017398075061612 -0.000000000000000 6.296481570506581 2.106903436584786 
0.889716775195737 0.865222356629076 -0.000000000000000 0.096622036572751 -1.019530668439990 0.000000000000000 6.295619240861248 2.100159693109284 
0.886753390637425 0.865222356629076 -0.000000000000000 0.095785837249310 -1.021613754116694 0.000000000000000 6.294776784352145 2.093500811564094 
0.883777887072915 0.865222356629076 0.000000000000000 0.094962491868941 -1.023636625868531 -0.000000000000000 6.293958467927614 2.086964556499837 
0.880808587139232 0.865222356629076 0.000000000000000 0.094156453667934 -1.025589871462158 0.000000000000000 6.293168045479825 2.080585978429632 
0.877863327200105 0.865222356629076 0.000000000000000 0.093371722379486 -1.027465720603005 -0.000000000000000 6.292408619731218 2.074396027333309 
0.874958740045831 0.865222356629076 0.000000000000000 0.092611704360387 -1.029258265529142 0.000000000000000 6.291682554373434 2.068420504484478 
0.872109663705519 0.865222356629076 -0.000000000000000 0.091879121600107 -1.030963542747874 0.000000000000000 6.290991441044732 2.062679431067098 
0.869328722236788 0.865222356629076 0.000000000000000 0.091175973377045 -1.032579483355115 0.000000000000000 6.290336118283878 2.057186850762656 
0.866626096548022 0.865222356629076 0.000000000000000 0.090503547184174 -1.034105754914225 0.000000000000000 6.289716733488941 2.051951025979367 
0.864009476334341 0.865222356629076 -0.000000000000000 0.089862469953842 -1.035543527140506 0.000000000000000 6.289132835191170 2.046974945413960 
0.861484163809105 0.865222356629076 -0.000000000000000 0.089252787580009 -1.036895196176373 -0.000000000000000 6.288583481949417 2.042257039610346 
0.859053288600075 0.865222356629076 0.000000000000000 0.088674060174599 -1.038164098849900 -0.000000000000000 6.288067355450053 2.037792000924831 
0.856718090914728 0.865222356629076 0.000000000000000 0.088125461947628 -1.039354241321260 -0.000000000000000 6.287582868133679 2.033571619234608 
0.854478234561836 0.865222356629076 -0.000000000000000 0.087605877175247 -1.040470058200306 0.000000000000000 6.287128258930969 2.029585567709956 
0.852332119701020 0.865222356629076 -0.000000000000000 0.087113986630703 -1.041516210438196 0.000000000000000 6.286701673767341 2.025822097401498 
0.850277174526671 0.865222356629076 0.000000000000000 0.086648341481722 -1.042497424092302 0.000000000000000 6.286301229943238 2.022268620808262 
0.848310113690742 0.865222356629076 -0.000000000000000 0.086207423739408 -1.043418367835987 0.000000000000000 6.285925065190272 2.018912180773367 
0.846427158084825 0.865222356629076 0.000000000000000 0.085789693747314 -1.044283564600034 -0.000000000000000 6.285571373187035 2.015739811793981 
